0.3460068702697754
0.02060675621032715
0.014503240585327148
0.014913558959960938
0.015647172927856445
0.01833319664001465
0.013987302780151367
0.013193130493164062
0.012991905212402344
0.013386249542236328
0.013010978698730469
0.020710468292236328
0.018167734146118164
0.016260385513305664
0.017106294631958008
0.017373085021972656
0.01725029945373535
0.017705678939819336
0.019722938537597656
0.01678323745727539
0.019152402877807617
0.014426231384277344
0.012989521026611328
0.013220548629760742
0.013017892837524414
0.013229131698608398
0.013061761856079102
0.013016462326049805
0.013142108917236328
0.013003349304199219
0.01677560806274414
0.016759872436523438
0.016781330108642578
0.01635575294494629
0.01672506332397461
0.01726388931274414
0.01677703857421875
0.016788482666015625
0.016889572143554688
0.016234159469604492
0.014502525329589844
0.017435789108276367
0.01446676254272461
0.01920938491821289
0.015984535217285156
0.016890525817871094
0.01668524742126465
0.016863107681274414
0.01676654815673828
0.015758514404296875
0.019534826278686523
0.015700101852416992
0.015659570693969727
0.018786907196044922
0.01686835289001465
0.01686263084411621
0.016861915588378906
0.01905035972595215
0.016902685165405273
0.01663684844970703
0.017536163330078125
0.016907691955566406
0.01682877540588379
0.016773223876953125
0.018527507781982422
0.017549753189086914
0.016705751419067383
0.016737937927246094
0.020427465438842773
0.01853013038635254
0.017534255981445312
0.016815662384033203
0.016682863235473633
0.01663494110107422
0.016209125518798828
0.016761064529418945
0.020241498947143555
0.019161462783813477
0.016844511032104492
0.016811370849609375
0.016825437545776367
0.01720738410949707
0.01692032814025879
0.01678013801574707
0.0170285701751709
0.017592191696166992
0.016811847686767578
0.016987085342407227
0.016898632049560547
0.016716480255126953
0.016774654388427734
0.01682758331298828
0.016794681549072266
0.01667952537536621
0.01680755615234375
0.018353700637817383
0.016777753829956055
0.016995668411254883
0.01691889762878418
0.01679086685180664
0.017138242721557617
0.016730070114135742
0.016773223876953125
0.016750335693359375
0.018512725830078125
0.018591880798339844
0.01983356475830078
0.01729583740234375
0.016872167587280273
0.016998767852783203
0.016836166381835938
0.01686263084411621
0.016748666763305664
0.016729354858398438
0.017255783081054688
0.016978740692138672
0.016782045364379883
0.020401477813720703
0.016847848892211914
0.017383575439453125
0.017796754837036133
0.016747713088989258
0.016865015029907227
0.016774892807006836
0.017119646072387695
0.019028663635253906
0.017346858978271484
0.01850271224975586
0.0174102783203125
0.016881704330444336
0.01702094078063965
0.018488645553588867
0.016669034957885742
0.016840696334838867
0.018291711807250977
0.016782522201538086
0.017127513885498047
0.016661643981933594
0.016736745834350586
0.01676774024963379
0.016805648803710938
0.01676654815673828
0.018635988235473633
0.020006179809570312
0.0168302059173584
0.016702890396118164
0.016712188720703125
0.016988515853881836
0.01684284210205078
0.0167391300201416
0.017844676971435547
0.016676902770996094
0.01733088493347168
0.016752004623413086
0.016744375228881836
0.016957998275756836
0.016971111297607422
0.016904830932617188
0.016771316528320312
0.01668524742126465
0.016970157623291016
0.0167233943939209
0.01825714111328125
0.018418312072753906
0.017065048217773438
0.016849756240844727
0.016535043716430664
0.01658797264099121
0.018946409225463867
0.016659021377563477
0.01914238929748535
0.016716718673706055
0.017038345336914062
0.016799449920654297
0.018105506896972656
0.019210338592529297
0.016846656799316406
0.02005767822265625
0.016854286193847656
0.01681971549987793
0.017325162887573242
0.01753997802734375
0.016904592514038086
0.016702651977539062
0.016748905181884766
0.016802072525024414
0.016939163208007812
0.016913652420043945
0.017041921615600586
0.018106698989868164
0.0184781551361084
0.017033100128173828
0.019173145294189453
0.016839027404785156
0.01667618751525879
0.016611337661743164
0.017885684967041016
0.017646312713623047
0.016778945922851562
0.018280982971191406
0.016800642013549805
0.016731977462768555
0.01662898063659668
0.0169832706451416
0.016808509826660156
0.02040266990661621
0.01181936264038086
0.011792421340942383
0.011801481246948242
0.01532745361328125
0.011761903762817383
0.011787652969360352
0.016888141632080078
0.01445913314819336
0.0144195556640625
0.014391899108886719
0.014343023300170898
0.01435232162475586
0.01435399055480957
0.01435995101928711
0.014388084411621094
0.014343023300170898
0.01435399055480957
0.014362812042236328
0.014366865158081055
0.014337778091430664
0.01435089111328125
0.01435995101928711
0.014364480972290039
0.014387845993041992
0.014359712600708008
0.014373540878295898
0.0143585205078125
0.014371633529663086
0.014346122741699219
0.01439046859741211
0.014369726181030273
0.014369010925292969
0.014385223388671875
0.01436305046081543
0.014375925064086914
0.014364242553710938
0.014373064041137695
0.014340400695800781
0.014339208602905273
0.014378547668457031
0.014337301254272461
0.01433420181274414
0.014380216598510742
0.014362573623657227
0.014322519302368164
0.014360427856445312
0.014349699020385742
0.01437067985534668
0.01435089111328125
0.014344930648803711
0.01436924934387207
0.014339923858642578
0.014358997344970703
0.014363288879394531
0.014365434646606445
0.014364242553710938
0.014342546463012695
0.014349222183227539
0.014302730560302734
0.014340639114379883
0.014323234558105469
0.01435542106628418
0.014365196228027344
0.014365911483764648
0.014354705810546875
0.014370918273925781
0.01437520980834961
0.014375686645507812
0.014375925064086914
0.01434636116027832
0.014376401901245117
0.014359712600708008
0.014367341995239258
0.01436305046081543
0.014352083206176758
0.014354467391967773
0.014380455017089844
0.014354944229125977
0.014405012130737305
0.01437234878540039
0.014377355575561523
0.01436305046081543
0.014373064041137695
0.01431894302368164
0.01435995101928711
0.014353275299072266
0.014377355575561523
0.014368534088134766
0.014350652694702148
0.014377355575561523
0.014396429061889648
0.014386892318725586
0.014356613159179688
0.014347553253173828
0.014347553253173828
0.01433420181274414
0.01432180404663086
0.014336347579956055
0.014346837997436523
0.014379262924194336
0.014381647109985352
0.014425277709960938
0.014356851577758789
0.014528989791870117
0.014397382736206055
0.014393329620361328
0.014421701431274414
0.01436305046081543
0.014705419540405273
0.014383077621459961
0.014364242553710938
0.01447606086730957
0.014357805252075195
0.014518976211547852
0.01439213752746582
0.014352560043334961
0.016867876052856445
0.011928558349609375
0.018143415451049805
0.017330646514892578
0.016697168350219727
0.019958019256591797
0.011804819107055664
0.01786661148071289
0.017688751220703125
0.016980886459350586
0.01669621467590332
0.01237177848815918
0.011741161346435547
0.011796951293945312
0.011785268783569336
0.011779308319091797
0.011792421340942383
0.011775016784667969
0.011774778366088867
0.011801719665527344
0.011769294738769531
0.011798620223999023
0.011835098266601562
0.011786937713623047
0.011746883392333984
0.011916160583496094
0.01659560203552246
0.01179647445678711
0.011797428131103516
0.011799812316894531
0.016171932220458984
0.02048659324645996
0.01689743995666504
0.018096208572387695
0.017073869705200195
0.01801443099975586
0.016999483108520508
0.01667308807373047
0.01831197738647461
0.018867969512939453
0.017258405685424805
0.016766071319580078
0.010886430740356445
0.011456489562988281
0.01142120361328125
0.011327981948852539
0.01144099235534668
0.011893033981323242
0.011445283889770508
0.011462926864624023
0.011511087417602539
0.011420249938964844
0.011725425720214844
0.01691579818725586
0.018430709838867188
0.017106056213378906
0.0168459415435791
0.016844987869262695
0.019594192504882812
0.01676344871520996
0.018032073974609375
0.016872644424438477
0.01668834686279297
0.016912460327148438
0.020386219024658203
0.016641855239868164
0.016690969467163086
0.01694941520690918
0.012492179870605469
0.016323566436767578
0.01681828498840332
0.016768217086791992
0.016716957092285156
0.016774415969848633
0.01687479019165039
0.017084598541259766
0.016678571701049805
0.01673579216003418
0.016663551330566406
0.016806602478027344
0.016707658767700195
0.01936507225036621
0.01676011085510254
0.0167236328125
0.01789999008178711
0.016857147216796875
0.016799449920654297
0.016794919967651367
0.0161435604095459
0.016827106475830078
0.016739368438720703
0.01616954803466797
0.01693439483642578
0.017002105712890625
0.016678810119628906
0.017621755599975586
0.021577835083007812
0.015071868896484375
0.012990236282348633
0.017287492752075195
0.016890764236450195
0.016874074935913086
0.016856908798217773
0.020442724227905273
0.0199127197265625
0.01612114906311035
0.011950492858886719
0.0167233943939209
0.016875267028808594
0.016641855239868164
0.016676902770996094
0.018817901611328125
0.017052650451660156
0.017330408096313477
0.016980648040771484
0.0169064998626709
0.017152786254882812
0.0166778564453125
0.014423847198486328
0.016646385192871094
0.016632080078125
0.016684532165527344
0.016672372817993164
0.016911029815673828
0.017650604248046875
0.020384788513183594
0.016934871673583984
0.020407676696777344
0.016744613647460938
0.017096996307373047
0.020361900329589844
0.016956806182861328
0.016727209091186523
0.016717910766601562
0.01668405532836914
0.016940832138061523
0.017063379287719727
0.017098426818847656
0.016613483428955078
0.019158124923706055
0.01822495460510254
0.020417213439941406
0.017539262771606445
0.01693558692932129
0.017049789428710938
0.016844749450683594
0.020442485809326172
0.01702880859375
0.017214298248291016
0.01702141761779785
0.020424842834472656
0.016974925994873047
0.019224166870117188
0.016707658767700195
0.01728534698486328
0.016759634017944336
0.016721487045288086
0.016630172729492188
0.016862869262695312
0.01669168472290039
0.01710677146911621
0.01941967010498047
0.01678323745727539
0.01977849006652832
0.01688218116760254
0.01691889762878418
0.01674032211303711
0.016774415969848633
0.016673803329467773
0.01685166358947754
0.017125844955444336
0.016719341278076172
0.016918659210205078
0.01828789710998535
0.016909360885620117
0.016706228256225586
0.01670384407043457
0.01690816879272461
0.016796112060546875
0.01605701446533203
0.01708531379699707
0.017015457153320312
0.016202688217163086
0.019825220108032227
0.01691603660583496
0.016953229904174805
0.016723155975341797
0.01683640480041504
0.01835012435913086
0.018184185028076172
0.016808271408081055
0.02028489112854004
0.017269372940063477
0.01771378517150879
0.017339468002319336
0.016968727111816406
0.016794681549072266
0.017024755477905273
0.011829376220703125
0.01682734489440918
0.01180410385131836
0.014535903930664062
0.011829614639282227
0.012070655822753906
0.011869192123413086
0.011842489242553711
0.015971660614013672
0.01176595687866211
0.016087055206298828
0.02026200294494629
0.014405250549316406
0.01826310157775879
0.01689457893371582
0.013459205627441406
0.013066530227661133
0.012992382049560547
0.01668381690979004
0.017232179641723633
0.01699686050415039
0.016810894012451172
0.016908645629882812
0.018056154251098633
0.017166852951049805
0.018793106079101562
0.016976356506347656
0.016722679138183594
0.017032623291015625
0.017209768295288086
0.029659748077392578
0.021910667419433594
0.016875505447387695
0.016707420349121094
0.01923966407775879
0.0167386531829834
0.01909160614013672
0.016652584075927734
0.01763176918029785
0.017115354537963867
0.01680159568786621
0.014822721481323242
0.014382600784301758
0.014410734176635742
0.014413833618164062
0.014472723007202148
0.014402627944946289
0.014603614807128906
0.014413595199584961
0.014520883560180664
0.014386892318725586
0.014605283737182617
0.020450592041015625
0.016460180282592773
0.014431238174438477
0.014450788497924805
0.01689743995666504
0.0174868106842041
0.016466140747070312
0.019271373748779297
0.012920379638671875
0.0169219970703125
0.014146089553833008
0.016347646713256836
0.016805171966552734
0.016726016998291016
0.022598981857299805
0.019805908203125
0.016675472259521484
0.016706228256225586
0.016680002212524414
0.0167844295501709
0.016838788986206055
0.01683831214904785
0.01666998863220215
0.01712942123413086
0.017089128494262695
0.0167694091796875
0.016813993453979492
0.016672611236572266
0.01678752899169922
0.017397642135620117
0.01674795150756836
0.01678466796875
0.01686859130859375
0.01666426658630371
0.016901254653930664
0.016786575317382812
0.0169222354888916
0.017126798629760742
0.017596721649169922
0.01895928382873535
0.017009258270263672
0.018856525421142578
0.016895532608032227
0.016899585723876953
0.018130779266357422
0.016696453094482422
0.016788959503173828
0.01685476303100586
0.016917943954467773
0.017446517944335938
0.016771793365478516
0.020334959030151367
0.016935348510742188
0.020491838455200195
0.014339923858642578
0.014375448226928711
0.014869928359985352
0.019095659255981445
0.016282081604003906
0.02041459083557129
0.016924619674682617
0.016848087310791016
0.017005443572998047
0.02028179168701172
0.01662278175354004
0.018503904342651367
0.016696453094482422
0.016794919967651367
0.016556501388549805
0.016564607620239258
0.016878128051757812
0.016786813735961914
0.016649723052978516
0.01792144775390625
0.016717195510864258
0.016659975051879883
0.016675710678100586
0.01915264129638672
0.01679086685180664
0.01671767234802246
0.01665496826171875
0.01726055145263672
0.017238855361938477
0.016695261001586914
0.01667642593383789
0.01683330535888672
0.01680588722229004
0.016808032989501953
0.016870975494384766
0.016710996627807617
0.01689743995666504
0.018266916275024414
0.0167691707611084
0.01675891876220703
0.020488262176513672
0.016861438751220703
0.016704797744750977
0.016948461532592773
0.016707658767700195
0.016932249069213867
0.016711711883544922
0.017496109008789062
0.01673603057861328
0.017167091369628906
0.020447254180908203
0.01839590072631836
0.016765594482421875
0.01700758934020996
0.016971826553344727
0.017144203186035156
0.01867985725402832
0.0158388614654541
0.01470804214477539
0.01443171501159668
0.014498233795166016
0.014497041702270508
0.01906275749206543
0.016860485076904297
0.016651630401611328
0.015393972396850586
0.01949787139892578
0.016638994216918945
0.020363330841064453
0.016844987869262695
0.01652669906616211
0.016831159591674805
0.018709182739257812
0.018867969512939453
0.01671147346496582
0.017119884490966797
0.01687788963317871
0.016855955123901367
0.015336751937866211
0.012683391571044922
0.013837099075317383
0.014607906341552734
0.015420913696289062
0.018408536911010742
0.016583919525146484
0.01708245277404785
0.019128084182739258
0.016996383666992188
0.0169217586517334
0.017166614532470703
0.016646385192871094
0.01666712760925293
0.016582965850830078
0.016793251037597656
0.01695871353149414
0.01775336265563965
0.01677083969116211
0.017892837524414062
0.01687169075012207
0.018685579299926758
0.01788163185119629
0.01673579216003418
0.017099857330322266
0.016774415969848633
0.01655888557434082
0.01758551597595215
0.016988039016723633
0.016865253448486328
0.01690673828125
0.017059326171875
0.016718149185180664
0.01666545867919922
0.016918182373046875
0.018317461013793945
0.014390230178833008
0.017728328704833984
0.017000436782836914
0.016693592071533203
0.016993045806884766
0.01889324188232422
0.01665472984313965
0.0168764591217041
0.017162322998046875
0.016785383224487305
0.016827106475830078
0.019615650177001953
0.017337560653686523
0.016803503036499023
0.017325401306152344
0.016345977783203125
0.016530275344848633
0.02150559425354004
0.017218589782714844
0.01442575454711914
0.014495611190795898
0.016622543334960938
0.016622304916381836
0.016707181930541992
0.016600608825683594
0.019436359405517578
0.019027233123779297
0.016840696334838867
0.01676487922668457
0.016719818115234375
0.016974210739135742
0.016618728637695312
0.016703128814697266
0.01679682731628418
0.01709723472595215
0.017043113708496094
0.016545772552490234
0.01660895347595215
0.016887187957763672
0.01693439483642578
0.016750097274780273
0.01663804054260254
0.019237995147705078
0.018311262130737305
0.017227888107299805
0.01692652702331543
0.01672840118408203
0.016701698303222656
0.017119884490966797
0.016917943954467773
0.017306089401245117
0.01760077476501465
0.017260074615478516
0.01805281639099121
0.016765117645263672
0.016736268997192383
0.016877174377441406
0.017496824264526367
0.017127275466918945
0.017091751098632812
0.018680334091186523
0.018033981323242188
0.01944875717163086
0.010787248611450195
0.014961719512939453
0.01118016242980957
0.018425703048706055
0.014004230499267578
0.01296377182006836
0.017019033432006836
0.016752243041992188
0.01681995391845703
0.017274856567382812
0.01776409149169922
0.019093990325927734
0.01732778549194336
0.013518333435058594
0.011874914169311523
0.011839628219604492
0.011806726455688477
0.011803627014160156
0.011848211288452148
0.01178741455078125
0.011750459671020508
0.011799812316894531
0.012026786804199219
0.020404338836669922
0.01676654815673828
0.01701188087463379
0.01666545867919922
0.018484115600585938
0.016773700714111328
0.0166318416595459
0.02033400535583496
0.016867876052856445
0.016690492630004883
0.016648292541503906
0.01657390594482422
0.016907691955566406
0.018012523651123047
0.01796102523803711
0.017301321029663086
0.01690363883972168
0.01674652099609375
0.016782760620117188
0.017855167388916016
0.01696324348449707
0.016722679138183594
0.016575098037719727
0.017304182052612305
0.017045259475708008
0.01673722267150879
0.0187530517578125
0.0203549861907959
0.016690492630004883
0.016980409622192383
0.01686716079711914
0.016847848892211914
0.019516468048095703
0.017284631729125977
0.0173037052154541
0.016791820526123047
0.01740097999572754
0.01689314842224121
0.016968250274658203
0.016794204711914062
0.015995025634765625
0.012178897857666016
0.01643204689025879
0.016747474670410156
0.011761903762817383
0.011806726455688477
0.011863946914672852
0.011858463287353516
0.011861562728881836
0.011837959289550781
0.011877059936523438
0.011892080307006836
0.016188621520996094
0.011836528778076172
0.011871337890625
0.016298532485961914
0.0167691707611084
0.018209218978881836
0.016952037811279297
0.017551183700561523
0.018526792526245117
0.01682448387145996
0.01746964454650879
0.016778945922851562
0.01752305030822754
0.016835451126098633
0.01692819595336914
0.017303943634033203
0.017978191375732422
0.017763376235961914
0.016646623611450195
0.016638755798339844
0.01676654815673828
0.018243074417114258
0.016759157180786133
0.01793193817138672
0.01683640480041504
0.019639253616333008
0.016744613647460938
0.017617225646972656
0.01810598373413086
0.016788959503173828
0.01673579216003418
0.016776084899902344
0.01689624786376953
0.01861882209777832
0.016958951950073242
0.016913414001464844
0.018663883209228516
0.016669750213623047
0.016950368881225586
0.016741037368774414
0.016862154006958008
0.017309188842773438
0.017384052276611328
0.02035808563232422
0.017010927200317383
0.016827821731567383
0.016895294189453125
0.01800394058227539
0.016974687576293945
0.018597126007080078
0.017624855041503906
0.019638776779174805
0.018370389938354492
0.0168001651763916
0.019561290740966797
0.017602205276489258
0.016877174377441406
0.020639419555664062
0.01678633689880371
0.016907453536987305
0.01887035369873047
0.016788482666015625
0.018953800201416016
0.01670360565185547
0.018234968185424805
0.016951560974121094
0.01681971549987793
0.016954421997070312
0.017019033432006836
0.016657590866088867
0.01697397232055664
0.016946077346801758
0.01657271385192871
0.01673293113708496
0.016706228256225586
0.016928434371948242
0.01873183250427246
0.020025253295898438
0.018437862396240234
0.016904115676879883
0.016878128051757812
0.018474578857421875
0.019657611846923828
0.016620397567749023
0.020377635955810547
0.0170745849609375
0.017513513565063477
0.016844987869262695
0.016837120056152344
0.01890730857849121
0.016832828521728516
0.016976594924926758
0.016999244689941406
0.01691293716430664
0.016779661178588867
0.016566038131713867
0.016793251037597656
0.01671624183654785
0.01696014404296875
0.017029285430908203
0.016805410385131836
0.017545461654663086
0.01684260368347168
0.01688528060913086
0.017131805419921875
0.017873287200927734
0.018719196319580078
0.016932964324951172
0.016862869262695312
0.016898393630981445
0.018355131149291992
0.017199039459228516
0.016791343688964844
0.01702737808227539
0.018869876861572266
0.0188448429107666
0.012454032897949219
0.012594938278198242
0.011840343475341797
0.01828312873840332
0.011829853057861328
0.011830329895019531
