0.00867772102355957
0.01231241226196289
0.008768320083618164
0.008668184280395508
0.009169816970825195
0.010035991668701172
0.007854223251342773
0.007857799530029297
0.007768392562866211
0.008189201354980469
0.00780797004699707
0.01014089584350586
0.010442018508911133
0.010505914688110352
0.010212182998657227
0.010479927062988281
0.010580778121948242
0.010371685028076172
0.010227203369140625
0.009901285171508789
0.010329246520996094
0.00808405876159668
0.007851362228393555
0.008037328720092773
0.007849454879760742
0.008385658264160156
0.007871866226196289
0.008155107498168945
0.007849454879760742
0.009927034378051758
0.009781122207641602
0.009953498840332031
0.009951353073120117
0.009664058685302734
0.009882211685180664
0.010063886642456055
0.009900808334350586
0.010177373886108398
0.009964466094970703
0.008786201477050781
0.008779764175415039
0.012204170227050781
0.008769750595092773
0.008775472640991211
0.009470939636230469
0.010070323944091797
0.009851455688476562
0.008249044418334961
0.009882450103759766
0.009256362915039062
0.010298490524291992
0.009173870086669922
0.009176492691040039
0.012449979782104492
0.00988316535949707
0.009948968887329102
0.009917974472045898
0.00998544692993164
0.009884834289550781
0.009918689727783203
0.009840726852416992
0.009931087493896484
0.00993800163269043
0.009927988052368164
0.010471343994140625
0.01002192497253418
0.010509967803955078
0.010112285614013672
0.01010894775390625
0.012847900390625
0.010119199752807617
0.009928703308105469
0.010464191436767578
0.010009050369262695
0.009533166885375977
0.009990453720092773
0.009858369827270508
0.00983881950378418
0.00997018814086914
0.009816408157348633
0.009886026382446289
0.009907245635986328
0.01005697250366211
0.010137557983398438
0.009955406188964844
0.012196779251098633
0.010269403457641602
0.012124061584472656
0.009901762008666992
0.01047658920288086
0.009989023208618164
0.01116037368774414
0.01197195053100586
0.009845256805419922
0.009870767593383789
0.009911537170410156
0.009979724884033203
0.011347293853759766
0.0100250244140625
0.009884119033813477
0.009879827499389648
0.00991368293762207
0.009932518005371094
0.00990748405456543
0.009899377822875977
0.009829282760620117
0.010078191757202148
0.00994110107421875
0.00992131233215332
0.009993553161621094
0.009849071502685547
0.010405540466308594
0.011219501495361328
0.009940147399902344
0.009865283966064453
0.010639429092407227
0.010829448699951172
0.009830236434936523
0.00994253158569336
0.01233053207397461
0.010056734085083008
0.010170221328735352
0.01003265380859375
0.012369155883789062
0.010820150375366211
0.010317564010620117
0.010916471481323242
0.009923458099365234
0.009920835494995117
0.01000213623046875
0.009867191314697266
0.010064125061035156
0.011415958404541016
0.009802103042602539
0.010734081268310547
0.009789705276489258
0.01172637939453125
0.009855508804321289
0.00984048843383789
0.009901285171508789
0.009883642196655273
0.009925127029418945
0.01038360595703125
0.009838342666625977
0.009820938110351562
0.010030031204223633
0.011783123016357422
0.010135412216186523
0.009831666946411133
0.009995460510253906
0.009836912155151367
0.009897470474243164
0.010045051574707031
0.011217117309570312
0.011286020278930664
0.009932756423950195
0.010035037994384766
0.010861635208129883
0.00984811782836914
0.009899377822875977
0.009871244430541992
0.00981903076171875
0.009988546371459961
0.0109100341796875
0.009839296340942383
0.009793281555175781
0.009792327880859375
0.010056018829345703
0.011904716491699219
0.010079383850097656
0.011773824691772461
0.009927511215209961
0.009936809539794922
0.00993490219116211
0.009871244430541992
0.010640621185302734
0.01131439208984375
0.009953022003173828
0.009872913360595703
0.009833335876464844
0.00991678237915039
0.01001739501953125
0.009860754013061523
0.009769201278686523
0.009769916534423828
0.009807109832763672
0.010049104690551758
0.009875059127807617
0.009804248809814453
0.010269880294799805
0.009961605072021484
0.01050567626953125
0.009875774383544922
0.009996175765991211
0.009996414184570312
0.009832382202148438
0.010619640350341797
0.010731697082519531
0.009937524795532227
0.009792804718017578
0.009973287582397461
0.009990930557250977
0.009808063507080078
0.009891510009765625
0.010710477828979492
0.009713411331176758
0.007056236267089844
0.007071495056152344
0.007601737976074219
0.007050991058349609
0.007111549377441406
0.009806156158447266
0.009963274002075195
0.008729219436645508
0.00867152214050293
0.008692026138305664
0.008675098419189453
0.008667707443237305
0.00871729850769043
0.008685827255249023
0.00869131088256836
0.008687973022460938
0.008681297302246094
0.008684396743774414
0.008666753768920898
0.008674860000610352
0.008661746978759766
0.008717775344848633
0.008667469024658203
0.008667469024658203
0.008693695068359375
0.008679866790771484
0.008672952651977539
0.008723735809326172
0.008710861206054688
0.008687734603881836
0.008680582046508789
0.008684635162353516
0.008682966232299805
0.008730411529541016
0.008693456649780273
0.008668661117553711
0.008632659912109375
0.008654356002807617
0.008676528930664062
0.008671760559082031
0.008672475814819336
0.008655071258544922
0.008644342422485352
0.008681774139404297
0.008680582046508789
0.008655309677124023
0.008668184280395508
0.008666753768920898
0.008666753768920898
0.00870370864868164
0.008677959442138672
0.008702993392944336
0.00868368148803711
0.008682727813720703
0.008680343627929688
0.008680582046508789
0.00868988037109375
0.008667945861816406
0.008610248565673828
0.0086517333984375
0.008653879165649414
0.008639335632324219
0.008675098419189453
0.00865483283996582
0.008671283721923828
0.00865936279296875
0.008710384368896484
0.008670806884765625
0.00867319107055664
0.00866079330444336
0.008682489395141602
0.008677005767822266
0.008693695068359375
0.00867462158203125
0.008686542510986328
0.008654594421386719
0.008676290512084961
0.008680582046508789
0.008660316467285156
0.008660078048706055
0.008671760559082031
0.008688926696777344
0.008687019348144531
0.008666038513183594
0.008680582046508789
0.00869607925415039
0.00867915153503418
0.008649587631225586
0.008679866790771484
0.008677244186401367
0.008693218231201172
0.008670330047607422
0.00870513916015625
0.00868368148803711
0.008675098419189453
0.008666038513183594
0.008637666702270508
0.008681774139404297
0.008656740188598633
0.008662939071655273
0.008744955062866211
0.008687734603881836
0.008703470230102539
0.00887608528137207
0.008722305297851562
0.008913278579711914
0.008760452270507812
0.008699178695678711
0.009241104125976562
0.008761405944824219
0.009077787399291992
0.008700847625732422
0.008674383163452148
0.008788585662841797
0.008730888366699219
0.008683204650878906
0.010020017623901367
0.007144451141357422
0.010646343231201172
0.010002851486206055
0.011255979537963867
0.009911298751831055
0.006998777389526367
0.009946346282958984
0.01049947738647461
0.009851217269897461
0.011397600173950195
0.007021427154541016
0.007043361663818359
0.0070803165435791016
0.0070683956146240234
0.007032632827758789
0.007058382034301758
0.007049560546875
0.007037639617919922
0.007041454315185547
0.00703740119934082
0.007077217102050781
0.007157325744628906
0.007049560546875
0.007047414779663086
0.0071773529052734375
0.009675025939941406
0.007058382034301758
0.007239580154418945
0.007059574127197266
0.009471654891967773
0.011728286743164062
0.009809732437133789
0.01223444938659668
0.010094881057739258
0.009620428085327148
0.010073661804199219
0.009850025177001953
0.00997471809387207
0.010451555252075195
0.010057926177978516
0.009747743606567383
0.0066373348236083984
0.006915569305419922
0.006809711456298828
0.006802558898925781
0.00748133659362793
0.006931304931640625
0.006842851638793945
0.006895780563354492
0.006901741027832031
0.007063865661621094
0.0070421695709228516
0.010056734085083008
0.00989079475402832
0.012333393096923828
0.010020732879638672
0.010138273239135742
0.009942770004272461
0.00986623764038086
0.009798526763916016
0.009931087493896484
0.009920835494995117
0.009960651397705078
0.009926557540893555
0.009777307510375977
0.00980067253112793
0.0072040557861328125
0.009797334671020508
0.009545326232910156
0.009806156158447266
0.009900093078613281
0.010149478912353516
0.011698007583618164
0.00987863540649414
0.009759902954101562
0.011548757553100586
0.010202646255493164
0.009860515594482422
0.00986027717590332
0.012629032135009766
0.00990748405456543
0.010152578353881836
0.00982213020324707
0.01030874252319336
0.009947538375854492
0.011657476425170898
0.009912490844726562
0.009484052658081055
0.009954214096069336
0.009918928146362305
0.009481430053710938
0.011623859405517578
0.009801149368286133
0.009810686111450195
0.009948015213012695
0.013364076614379883
0.007962226867675781
0.00778651237487793
0.010030984878540039
0.009933948516845703
0.009951114654541016
0.009928226470947266
0.009830713272094727
0.012258052825927734
0.008689641952514648
0.007066249847412109
0.009973526000976562
0.009879827499389648
0.01042032241821289
0.009943962097167969
0.011238574981689453
0.009891271591186523
0.009799718856811523
0.009883880615234375
0.009873628616333008
0.010014533996582031
0.009648561477661133
0.008682012557983398
0.009995460510253906
0.009784460067749023
0.01009225845336914
0.009824991226196289
0.01001429557800293
0.009855508804321289
0.010119438171386719
0.009800434112548828
0.009989738464355469
0.0098114013671875
0.009857416152954102
0.009881973266601562
0.009937047958374023
0.009917736053466797
0.009841680526733398
0.00982213020324707
0.009885072708129883
0.00981593132019043
0.009914398193359375
0.011159658432006836
0.012118816375732422
0.012089729309082031
0.011150121688842773
0.00986027717590332
0.009986639022827148
0.009918451309204102
0.011882543563842773
0.009918689727783203
0.009908437728881836
0.009881019592285156
0.009821414947509766
0.012109041213989258
0.00981760025024414
0.011774063110351562
0.010093927383422852
0.009807109832763672
0.009906768798828125
0.010050058364868164
0.009827375411987305
0.009845256805419922
0.00994253158569336
0.009812355041503906
0.011652469635009766
0.011511087417602539
0.009802103042602539
0.009938955307006836
0.009926557540893555
0.012073278427124023
0.01008749008178711
0.010062217712402344
0.009849786758422852
0.00997471809387207
0.009914159774780273
0.009969949722290039
0.009718894958496094
0.009880781173706055
0.012160778045654297
0.010582923889160156
0.012150049209594727
0.009958505630493164
0.00935053825378418
0.010021209716796875
0.010536670684814453
0.009395122528076172
0.010008096694946289
0.009887456893920898
0.009926795959472656
0.009904861450195312
0.00988149642944336
0.010059118270874023
0.009814262390136719
0.010020971298217773
0.009836912155151367
0.009817838668823242
0.009900093078613281
0.010881900787353516
0.009987831115722656
0.009944438934326172
0.012064933776855469
0.007280588150024414
0.007149696350097656
0.007108926773071289
0.007235527038574219
0.0070667266845703125
0.007365703582763672
0.007117271423339844
0.00710606575012207
0.00711822509765625
0.007032632827758789
0.009647846221923828
0.01214146614074707
0.008725881576538086
0.009615182876586914
0.00917506217956543
0.0077550411224365234
0.007757663726806641
0.007740974426269531
0.009941577911376953
0.010070323944091797
0.009806632995605469
0.009913206100463867
0.009967327117919922
0.010256767272949219
0.009992837905883789
0.010289907455444336
0.009864568710327148
0.010036468505859375
0.009966611862182617
0.010083675384521484
0.014716148376464844
0.011454105377197266
0.009893178939819336
0.009988546371459961
0.009793519973754883
0.00987386703491211
0.009932756423950195
0.009951591491699219
0.010932207107543945
0.009871721267700195
0.010013103485107422
0.008728981018066406
0.008684396743774414
0.00877833366394043
0.008687019348144531
0.008826017379760742
0.008722543716430664
0.00891256332397461
0.008725881576538086
0.008788347244262695
0.008701086044311523
0.008949518203735352
0.012099027633666992
0.009726762771606445
0.01217031478881836
0.008772134780883789
0.010919332504272461
0.01009821891784668
0.009702205657958984
0.010050058364868164
0.00713801383972168
0.007778167724609375
0.007480621337890625
0.009709835052490234
0.009975671768188477
0.011466503143310547
0.01291346549987793
0.011469602584838867
0.00984048843383789
0.009780645370483398
0.009632349014282227
0.009954214096069336
0.00982809066772461
0.00991058349609375
0.009902000427246094
0.009877920150756836
0.009959220886230469
0.009862661361694336
0.009798526763916016
0.009954452514648438
0.009806156158447266
0.009894132614135742
0.009917020797729492
0.00982666015625
0.00998997688293457
0.009907007217407227
0.009963035583496094
0.009877681732177734
0.009916305541992188
0.009758234024047852
0.00974893569946289
0.009896516799926758
0.009825706481933594
0.010101556777954102
0.009948015213012695
0.009838581085205078
0.009938478469848633
0.009779691696166992
0.009851217269897461
0.01097559928894043
0.009782791137695312
0.009976863861083984
0.010950326919555664
0.012070417404174805
0.009830951690673828
0.008678436279296875
0.010848283767700195
0.008685588836669922
0.008669853210449219
0.008699417114257812
0.00947880744934082
0.012031316757202148
0.009838104248046875
0.010006427764892578
0.009892940521240234
0.010020732879638672
0.009879112243652344
0.010773897171020508
0.00980520248413086
0.009721040725708008
0.009747028350830078
0.009745121002197266
0.00971078872680664
0.009895563125610352
0.009815216064453125
0.009791374206542969
0.009950637817382812
0.010008096694946289
0.009837627410888672
0.009789228439331055
0.00980687141418457
0.01206660270690918
0.009815454483032227
0.009954214096069336
0.009769678115844727
0.009902000427246094
0.009940862655639648
0.009964466094970703
0.00995492935180664
0.009960412979125977
0.009887933731079102
0.010618448257446289
0.010096311569213867
0.01001596450805664
0.01097249984741211
0.009924650192260742
0.010148286819458008
0.009854555130004883
0.011083841323852539
0.00988912582397461
0.009950637817382812
0.009998321533203125
0.009765148162841797
0.011199951171875
0.009922027587890625
0.00988626480102539
0.009923696517944336
0.009773969650268555
0.010089874267578125
0.012164115905761719
0.010265588760375977
0.009815216064453125
0.009909391403198242
0.009490728378295898
0.008788108825683594
0.00869131088256836
0.008738517761230469
0.008747339248657227
0.009973287582397461
0.009870767593383789
0.009317159652709961
0.009051322937011719
0.010223627090454102
0.009851694107055664
0.009847640991210938
0.00983428955078125
0.011497259140014648
0.009825468063354492
0.009865760803222656
0.009900331497192383
0.010664939880371094
0.012053728103637695
0.009782552719116211
0.009538888931274414
0.011234045028686523
0.0070667266845703125
0.007089376449584961
0.0071065425872802734
0.007138490676879883
0.012052297592163086
0.009771108627319336
0.00970911979675293
0.009935617446899414
0.009901285171508789
0.009835958480834961
0.010025978088378906
0.00984644889831543
0.009824752807617188
0.010204792022705078
0.010016441345214844
0.00989222526550293
0.00996541976928711
0.009969472885131836
0.010180950164794922
0.009947776794433594
0.009810924530029297
0.009850740432739258
0.010123252868652344
0.011497974395751953
0.009847879409790039
0.011781930923461914
0.009874820709228516
0.011349916458129883
0.009790897369384766
0.010031461715698242
0.009848594665527344
0.009952545166015625
0.009944677352905273
0.010081052780151367
0.00992894172668457
0.008427143096923828
0.010356426239013672
0.011388301849365234
0.009967803955078125
0.010121822357177734
0.010146856307983398
0.00983572006225586
0.010056495666503906
0.010098934173583984
0.009866714477539062
0.00982522964477539
0.011361360549926758
0.012085437774658203
0.009934663772583008
0.01043248176574707
0.009583711624145508
0.009661436080932617
0.011309623718261719
0.009397268295288086
0.008757829666137695
0.008800029754638672
0.010103225708007812
0.009882450103759766
0.009933233261108398
0.00977468490600586
0.0099945068359375
0.009861230850219727
0.011515617370605469
0.009827136993408203
0.009898185729980469
0.009857892990112305
0.009908437728881836
0.009812593460083008
0.009798765182495117
0.009790897369384766
0.009643316268920898
0.009783744812011719
0.009804487228393555
0.009835481643676758
0.010004758834838867
0.009848833084106445
0.009833812713623047
0.00978398323059082
0.010001897811889648
0.009773492813110352
0.010022401809692383
0.009738683700561523
0.00985574722290039
0.011343955993652344
0.010036230087280273
0.009879350662231445
0.009944915771484375
0.009826183319091797
0.009847164154052734
0.010036706924438477
0.009879112243652344
0.009827375411987305
0.010285615921020508
0.009965896606445312
0.010265350341796875
0.009909868240356445
0.00963139533996582
0.010166168212890625
0.00648951530456543
0.008857011795043945
0.0066301822662353516
0.009755373001098633
0.008089542388916016
0.007837057113647461
0.010058403015136719
0.009880542755126953
0.009968042373657227
0.00950479507446289
0.011804819107055664
0.010323524475097656
0.009253501892089844
0.0076351165771484375
0.007117271423339844
0.007078647613525391
0.007085084915161133
0.007119417190551758
0.007098674774169922
0.007055759429931641
0.00711822509765625
0.007059335708618164
0.0081329345703125
0.0120697021484375
0.009915828704833984
0.010014057159423828
0.009963035583496094
0.012041568756103516
0.009868383407592773
0.009937047958374023
0.011290788650512695
0.009924173355102539
0.009858369827270508
0.009782552719116211
0.009830236434936523
0.009775400161743164
0.009809017181396484
0.009853839874267578
0.009845733642578125
0.010000467300415039
0.009912729263305664
0.00981283187866211
0.00982522964477539
0.009782791137695312
0.009910821914672852
0.009861230850219727
0.011922121047973633
0.009867429733276367
0.012063741683959961
0.009781837463378906
0.011365175247192383
0.009838104248046875
0.01015019416809082
0.009927511215209961
0.00985574722290039
0.011217594146728516
0.01005864143371582
0.009923934936523438
0.009918928146362305
0.012074470520019531
0.009882688522338867
0.010221719741821289
0.009759902954101562
0.007053375244140625
0.00986623764038086
0.00962209701538086
0.007148027420043945
0.007004499435424805
0.007015228271484375
0.007153749465942383
0.0071277618408203125
0.007125377655029297
0.007118701934814453
0.007127523422241211
0.0071315765380859375
0.009536981582641602
0.007090568542480469
0.00714421272277832
0.011411666870117188
0.009818792343139648
0.0098114013671875
0.011706829071044922
0.010843992233276367
0.011936187744140625
0.00980377197265625
0.009844541549682617
0.010033369064331055
0.00985407829284668
0.009818315505981445
0.011318445205688477
0.012118339538574219
0.009757280349731445
0.00989222526550293
0.011023283004760742
0.010541439056396484
0.00983738899230957
0.012089014053344727
0.0097503662109375
0.009978294372558594
0.010120153427124023
0.01012420654296875
0.009946823120117188
0.009987831115722656
0.010320663452148438
0.010718822479248047
0.010075807571411133
0.010057449340820312
0.009896039962768555
0.00987100601196289
0.00992441177368164
0.009917974472045898
0.009757041931152344
0.009877204895019531
0.009834051132202148
0.009917020797729492
0.00995945930480957
0.009884119033813477
0.011403083801269531
0.009811878204345703
0.009943246841430664
0.009763479232788086
0.010060548782348633
0.010268926620483398
0.009998798370361328
0.01037454605102539
0.010895490646362305
0.009809494018554688
0.009784460067749023
0.009821176528930664
0.011168479919433594
0.010359525680541992
0.009838104248046875
0.012015342712402344
0.009802579879760742
0.009866952896118164
0.009777069091796875
0.009851217269897461
0.00994420051574707
0.00986337661743164
0.009812593460083008
0.010103225708007812
0.009956836700439453
0.00987100601196289
0.012064695358276367
0.010243415832519531
0.009865760803222656
0.009824275970458984
0.009854793548583984
0.009804010391235352
0.009824514389038086
0.010200262069702148
0.012188911437988281
0.010768413543701172
0.009809494018554688
0.009757041931152344
0.010582685470581055
0.010376691818237305
0.010563850402832031
0.012009859085083008
0.009927511215209961
0.009870767593383789
0.009822845458984375
0.009807348251342773
0.0121002197265625
0.010639429092407227
0.009794950485229492
0.010074377059936523
0.009883642196655273
0.009974241256713867
0.009917259216308594
0.010026931762695312
0.010202407836914062
0.009795427322387695
0.009877204895019531
0.00995945930480957
0.009810447692871094
0.010100841522216797
0.009938955307006836
0.00995779037475586
0.010210514068603516
0.009833574295043945
0.010000944137573242
0.010038137435913086
0.010404109954833984
0.010027647018432617
0.009855270385742188
0.00983119010925293
0.009774923324584961
0.009960651397705078
0.009827136993408203
0.009904146194458008
0.0074765682220458984
0.009218215942382812
0.007671356201171875
0.007106304168701172
0.00818324089050293
0.00711512565612793
