0.008306026458740234
0.013848304748535156
0.009725332260131836
0.009634256362915039
0.010467052459716797
0.011622190475463867
0.009138345718383789
0.00883030891418457
0.00874948501586914
0.008923053741455078
0.008786678314208984
0.011384248733520508
0.011726617813110352
0.011083602905273438
0.011353731155395508
0.013831853866577148
0.012253761291503906
0.01172184944152832
0.011356592178344727
0.011262178421020508
0.012098073959350586
0.009288787841796875
0.00875234603881836
0.008881092071533203
0.008800506591796875
0.008922576904296875
0.008788108825683594
0.009266376495361328
0.00878143310546875
0.017119169235229492
0.011457681655883789
0.011562585830688477
0.011310815811157227
0.010908842086791992
0.011293888092041016
0.011331796646118164
0.011332511901855469
0.011710166931152344
0.011387825012207031
0.009805917739868164
0.009744644165039062
0.01376199722290039
0.009776115417480469
0.009733200073242188
0.010762691497802734
0.011405229568481445
0.011319160461425781
0.011210918426513672
0.011335372924804688
0.010592222213745117
0.012186765670776367
0.010658740997314453
0.010495901107788086
0.011358022689819336
0.011449575424194336
0.011419057846069336
0.011386871337890625
0.011310338973999023
0.011313676834106445
0.011294841766357422
0.011758089065551758
0.011455774307250977
0.011331319808959961
0.011450052261352539
0.01249551773071289
0.011539936065673828
0.012663602828979492
0.011629581451416016
0.012382030487060547
0.013825416564941406
0.01172327995300293
0.01135873794555664
0.011298656463623047
0.011296987533569336
0.011087656021118164
0.011273384094238281
0.01141047477722168
0.011445999145507812
0.011305093765258789
0.011443614959716797
0.011554956436157227
0.011332988739013672
0.011492729187011719
0.011456012725830078
0.011358499526977539
0.013814926147460938
0.011645317077636719
0.011606931686401367
0.01135110855102539
0.013097524642944336
0.011624574661254883
0.011498451232910156
0.011598825454711914
0.011410951614379883
0.01149606704711914
0.01130223274230957
0.0113067626953125
0.012830734252929688
0.011272907257080078
0.01137685775756836
0.011854410171508789
0.011431217193603516
0.011455774307250977
0.011361360549926758
0.011376142501831055
0.011336326599121094
0.011817455291748047
0.011407613754272461
0.011477470397949219
0.011347055435180664
0.011419057846069336
0.013837575912475586
0.011668205261230469
0.01142740249633789
0.013208389282226562
0.013222694396972656
0.011259317398071289
0.013337850570678711
0.011415719985961914
0.011883735656738281
0.011415958404541016
0.011358976364135742
0.011741161346435547
0.012359857559204102
0.01137685775756836
0.011592388153076172
0.011938810348510742
0.011597633361816406
0.01137995719909668
0.011672496795654297
0.011327505111694336
0.011430978775024414
0.011280536651611328
0.01135396957397461
0.012455224990844727
0.012911558151245117
0.01130056381225586
0.011403560638427734
0.011301279067993164
0.011397361755371094
0.011338233947753906
0.011532783508300781
0.01138448715209961
0.013183355331420898
0.011469125747680664
0.013468503952026367
0.011644363403320312
0.011423110961914062
0.011342763900756836
0.011317014694213867
0.013548612594604492
0.012231826782226562
0.011458873748779297
0.011716842651367188
0.011387109756469727
0.011313915252685547
0.011672019958496094
0.011439323425292969
0.011478662490844727
0.011432886123657227
0.011589765548706055
0.011390209197998047
0.01289510726928711
0.013814687728881836
0.011495351791381836
0.01127314567565918
0.011420726776123047
0.01194143295288086
0.011262655258178711
0.011313199996948242
0.011476993560791016
0.011430501937866211
0.012931108474731445
0.011687994003295898
0.011315584182739258
0.012618541717529297
0.011402130126953125
0.011445045471191406
0.011726617813110352
0.01137089729309082
0.011725902557373047
0.012300968170166016
0.011478662490844727
0.011410951614379883
0.012148141860961914
0.011320829391479492
0.01131439208984375
0.011251211166381836
0.012782573699951172
0.011844158172607422
0.011360883712768555
0.011479616165161133
0.013397455215454102
0.01128697395324707
0.011450529098510742
0.011373043060302734
0.013901710510253906
0.012875795364379883
0.012210845947265625
0.012748003005981445
0.01146245002746582
0.01130223274230957
0.011276483535766602
0.011321067810058594
0.011347532272338867
0.01258230209350586
0.00799870491027832
0.007997512817382812
0.007973909378051758
0.008016347885131836
0.007976531982421875
0.0104522705078125
0.011478185653686523
0.009755373001098633
0.009744882583618164
0.009706258773803711
0.009708404541015625
0.009696483612060547
0.009686470031738281
0.00970149040222168
0.009700775146484375
0.009699106216430664
0.009699344635009766
0.0096893310546875
0.009672403335571289
0.009698867797851562
0.009703636169433594
0.009683847427368164
0.009680747985839844
0.009681940078735352
0.009673118591308594
0.009676456451416016
0.009707450866699219
0.009686946868896484
0.009719371795654297
0.009692668914794922
0.00969243049621582
0.009709596633911133
0.00967717170715332
0.009712934494018555
0.00969243049621582
0.009679079055786133
0.00969839096069336
0.009729146957397461
0.00966191291809082
0.009696483612060547
0.009701251983642578
0.009710073471069336
0.009689807891845703
0.00968790054321289
0.009701728820800781
0.009694099426269531
0.009720563888549805
0.009716987609863281
0.009706735610961914
0.009718179702758789
0.00969243049621582
0.009688138961791992
0.00969552993774414
0.009690999984741211
0.009676694869995117
0.009695768356323242
0.00969839096069336
0.009710550308227539
0.009669303894042969
0.009696245193481445
0.009673118591308594
0.009729385375976562
0.009706258773803711
0.009695291519165039
0.009677886962890625
0.009691715240478516
0.009705781936645508
0.009680509567260742
0.009743928909301758
0.009677410125732422
0.009706497192382812
0.009698629379272461
0.009695768356323242
0.009692668914794922
0.009706735610961914
0.009698152542114258
0.009712457656860352
0.009708166122436523
0.009691476821899414
0.009679555892944336
0.009708404541015625
0.00969839096069336
0.00969076156616211
0.009689092636108398
0.009691476821899414
0.009709835052490234
0.009697198867797852
0.009691238403320312
0.009673595428466797
0.009683370590209961
0.009679794311523438
0.009705543518066406
0.009699106216430664
0.009694337844848633
0.009708166122436523
0.009712696075439453
0.009654521942138672
0.009678840637207031
0.009685754776000977
0.009700536727905273
0.009706735610961914
0.009680747985839844
0.009705781936645508
0.009771585464477539
0.009727954864501953
0.009685277938842773
0.009723424911499023
0.00972604751586914
0.009788990020751953
0.009717226028442383
0.010048151016235352
0.009722471237182617
0.009668588638305664
0.00974726676940918
0.009711742401123047
0.009671449661254883
0.011341094970703125
0.008018970489501953
0.01141810417175293
0.011731147766113281
0.0114593505859375
0.0130615234375
0.00799250602722168
0.011351823806762695
0.011684656143188477
0.011284351348876953
0.011448144912719727
0.00792694091796875
0.007958650588989258
0.007994651794433594
0.007972955703735352
0.00795745849609375
0.00798177719116211
0.007971763610839844
0.007961273193359375
0.007988214492797852
0.007980823516845703
0.007987737655639648
0.00798344612121582
0.007983684539794922
0.007977485656738281
0.00801849365234375
0.011216878890991211
0.007985115051269531
0.008105754852294922
0.007996559143066406
0.010998964309692383
0.013877153396606445
0.01127767562866211
0.013857364654541016
0.011384963989257812
0.011384248733520508
0.011474132537841797
0.01136016845703125
0.011429071426391602
0.011455297470092773
0.011759519577026367
0.011350631713867188
0.007294178009033203
0.0077610015869140625
0.007768392562866211
0.007713794708251953
0.008469343185424805
0.007911205291748047
0.00770258903503418
0.007778644561767578
0.007818460464477539
0.007773399353027344
0.007878303527832031
0.01149606704711914
0.011339426040649414
0.012331247329711914
0.011287450790405273
0.0114288330078125
0.01143503189086914
0.011327981948852539
0.01376485824584961
0.011348485946655273
0.011524677276611328
0.011357545852661133
0.011320352554321289
0.011297464370727539
0.011316537857055664
0.008139610290527344
0.011264324188232422
0.0110321044921875
0.011310815811157227
0.011363029479980469
0.011462926864624023
0.011312007904052734
0.01143646240234375
0.011138916015625
0.01097869873046875
0.011573076248168945
0.01140141487121582
0.01144719123840332
0.014502763748168945
0.011593341827392578
0.011371374130249023
0.011435747146606445
0.013316154479980469
0.011409521102905273
0.012737035751342773
0.012382030487060547
0.010851621627807617
0.011709928512573242
0.011319875717163086
0.011002302169799805
0.012844085693359375
0.01134634017944336
0.011699199676513672
0.011422157287597656
0.012651920318603516
0.008929252624511719
0.008780956268310547
0.011482954025268555
0.011352062225341797
0.011327981948852539
0.011573553085327148
0.012176752090454102
0.011084318161010742
0.010239362716674805
0.008009195327758789
0.011339426040649414
0.01128530502319336
0.01129293441772461
0.011321306228637695
0.011953115463256836
0.01144719123840332
0.01318502426147461
0.011313915252685547
0.011370420455932617
0.011587142944335938
0.011231184005737305
0.009747743606567383
0.011329889297485352
0.011270523071289062
0.011471986770629883
0.011303901672363281
0.011613130569458008
0.011336326599121094
0.012677907943725586
0.011297225952148438
0.012725591659545898
0.011432170867919922
0.011302709579467773
0.011417865753173828
0.011559247970581055
0.01133584976196289
0.011453866958618164
0.011454582214355469
0.01138448715209961
0.011497974395751953
0.011301755905151367
0.013184309005737305
0.011330366134643555
0.012072563171386719
0.01381063461303711
0.011339902877807617
0.011420726776123047
0.011409282684326172
0.013839483261108398
0.013427972793579102
0.011403083801269531
0.011430978775024414
0.011301279067993164
0.01378941535949707
0.011308670043945312
0.011466026306152344
0.011301994323730469
0.011285066604614258
0.011318206787109375
0.011324882507324219
0.011493921279907227
0.01136469841003418
0.011310815811157227
0.011569976806640625
0.01133108139038086
0.011483907699584961
0.012813329696655273
0.011494874954223633
0.011342048645019531
0.012549877166748047
0.011396646499633789
0.011313915252685547
0.011496543884277344
0.01155710220336914
0.011290311813354492
0.011461734771728516
0.011489152908325195
0.011382818222045898
0.012205839157104492
0.011482954025268555
0.011658906936645508
0.011359930038452148
0.010864973068237305
0.011366605758666992
0.01130533218383789
0.01083993911743164
0.011303901672363281
0.011282920837402344
0.011335372924804688
0.011463165283203125
0.011345624923706055
0.012154579162597656
0.01329350471496582
0.011572599411010742
0.01131582260131836
0.013662099838256836
0.011321306228637695
0.011420726776123047
0.011365890502929688
0.01132059097290039
0.011391639709472656
0.008028268814086914
0.008056879043579102
0.007994890213012695
0.008069276809692383
0.008008956909179688
0.008092641830444336
0.008003711700439453
0.008198261260986328
0.008002519607543945
0.007989645004272461
0.01154637336730957
0.013801336288452148
0.009721517562866211
0.012321233749389648
0.010750532150268555
0.008767127990722656
0.008765935897827148
0.008795976638793945
0.011320352554321289
0.012617111206054688
0.011500835418701172
0.012027740478515625
0.011362075805664062
0.011663675308227539
0.011404991149902344
0.011519670486450195
0.011608600616455078
0.01141977310180664
0.01136469841003418
0.011266469955444336
0.01793837547302246
0.013782262802124023
0.011471986770629883
0.011339902877807617
0.011311769485473633
0.011278152465820312
0.011430740356445312
0.011330366134643555
0.01177358627319336
0.01140284538269043
0.011316061019897461
0.00973820686340332
0.009730100631713867
0.009702444076538086
0.009739160537719727
0.009690284729003906
0.00970315933227539
0.009781599044799805
0.00972890853881836
0.009696483612060547
0.00969839096069336
0.00984048843383789
0.013774871826171875
0.011103153228759766
0.013251304626464844
0.01211857795715332
0.011650323867797852
0.011724233627319336
0.01106715202331543
0.011974811553955078
0.008017539978027344
0.011405467987060547
0.008020162582397461
0.011015176773071289
0.01154184341430664
0.011305809020996094
0.012853384017944336
0.011322736740112305
0.011467695236206055
0.011265277862548828
0.011196613311767578
0.011481761932373047
0.01143026351928711
0.011448144912719727
0.011462211608886719
0.013785600662231445
0.013169527053833008
0.011487960815429688
0.011405706405639648
0.011446952819824219
0.011364221572875977
0.013772010803222656
0.011309146881103516
0.011319637298583984
0.011371612548828125
0.011454343795776367
0.011257171630859375
0.011459589004516602
0.011382579803466797
0.011346578598022461
0.0113372802734375
0.011365413665771484
0.011389970779418945
0.011344671249389648
0.01129913330078125
0.01141500473022461
0.011321306228637695
0.011397600173950195
0.011360883712768555
0.01397085189819336
0.011319160461425781
0.011417865753173828
0.011635303497314453
0.01373600959777832
0.011273384094238281
0.013510942459106445
0.00968027114868164
0.009673595428466797
0.011523246765136719
0.009803056716918945
0.011018991470336914
0.013759613037109375
0.01140141487121582
0.013338565826416016
0.012573719024658203
0.012892723083496094
0.011272668838500977
0.013797760009765625
0.011304855346679688
0.011259794235229492
0.011237621307373047
0.011190176010131836
0.011376619338989258
0.011319875717163086
0.011343955993652344
0.013293266296386719
0.011327266693115234
0.011325359344482422
0.011345863342285156
0.01140904426574707
0.01130819320678711
0.013335466384887695
0.011455059051513672
0.011307954788208008
0.011344194412231445
0.011324405670166016
0.011448144912719727
0.011384248733520508
0.011533021926879883
0.011423826217651367
0.011310815811157227
0.011414051055908203
0.011315107345581055
0.013008594512939453
0.011455774307250977
0.011379003524780273
0.012563705444335938
0.011318206787109375
0.011338472366333008
0.011322259902954102
0.012246847152709961
0.011244535446166992
0.011277914047241211
0.011518478393554688
0.01146388053894043
0.011556148529052734
0.011479377746582031
0.011260747909545898
0.011349201202392578
0.011530160903930664
0.012203693389892578
0.011327981948852539
0.01162099838256836
0.010579347610473633
0.009798765182495117
0.009700536727905273
0.00974726676940918
0.009714603424072266
0.01136326789855957
0.011312246322631836
0.010691404342651367
0.010549068450927734
0.012155532836914062
0.011310100555419922
0.013010263442993164
0.011325836181640625
0.013482809066772461
0.01296544075012207
0.011445760726928711
0.011414766311645508
0.012186288833618164
0.013257741928100586
0.01126551628112793
0.011237144470214844
0.013649225234985352
0.010721921920776367
0.007988452911376953
0.008006095886230469
0.008025646209716797
0.013494253158569336
0.011414527893066406
0.013036489486694336
0.011510372161865234
0.011288642883300781
0.011439323425292969
0.011451959609985352
0.011417627334594727
0.011415481567382812
0.011597394943237305
0.011291265487670898
0.011293649673461914
0.011459589004516602
0.011421442031860352
0.01355290412902832
0.01142740249633789
0.011281013488769531
0.013771295547485352
0.013515710830688477
0.012987613677978516
0.011417627334594727
0.013161659240722656
0.011567115783691406
0.013529777526855469
0.011274576187133789
0.011494636535644531
0.011330366134643555
0.01126551628112793
0.011386871337890625
0.011406660079956055
0.011349201202392578
0.009629249572753906
0.011742353439331055
0.01136636734008789
0.01159977912902832
0.013982295989990234
0.011387825012207031
0.011397361755371094
0.011418342590332031
0.01146841049194336
0.011397123336791992
0.0114898681640625
0.011284589767456055
0.011499643325805664
0.011399984359741211
0.013822317123413086
0.011024236679077148
0.011207818984985352
0.013318300247192383
0.01089167594909668
0.009743213653564453
0.009829998016357422
0.01171565055847168
0.011430740356445312
0.011337757110595703
0.011305093765258789
0.011257410049438477
0.011305570602416992
0.011580228805541992
0.011527299880981445
0.01153707504272461
0.011358499526977539
0.011260986328125
0.011474132537841797
0.011366844177246094
0.011242389678955078
0.011307239532470703
0.01159214973449707
0.011285781860351562
0.011205911636352539
0.011252880096435547
0.011300802230834961
0.011220693588256836
0.011380672454833984
0.011301040649414062
0.011283159255981445
0.011319160461425781
0.011250734329223633
0.011317729949951172
0.01281285285949707
0.01143336296081543
0.012189865112304688
0.011802911758422852
0.012348651885986328
0.011421442031860352
0.01127481460571289
0.011363983154296875
0.011413812637329102
0.011630773544311523
0.011391162872314453
0.01144099235534668
0.01165008544921875
0.01134181022644043
0.011792421340942383
0.0072994232177734375
0.010231494903564453
0.007482290267944336
0.011507272720336914
0.009525299072265625
0.008811473846435547
0.011567115783691406
0.011379480361938477
0.011297941207885742
0.010935068130493164
0.01347041130065918
0.013460874557495117
0.010952472686767578
0.008839130401611328
0.008049488067626953
0.008034467697143555
0.007993698120117188
0.007970094680786133
0.008019685745239258
0.007957696914672852
0.007974624633789062
0.00797271728515625
0.011268138885498047
0.013758420944213867
0.011355876922607422
0.011678934097290039
0.011336565017700195
0.011399269104003906
0.011433124542236328
0.011598587036132812
0.013761520385742188
0.012137174606323242
0.011276483535766602
0.011274337768554688
0.011264562606811523
0.011558771133422852
0.012370109558105469
0.01243448257446289
0.013028621673583984
0.011424779891967773
0.011490106582641602
0.012256383895874023
0.013131856918334961
0.011335372924804688
0.011647701263427734
0.01140141487121582
0.013758182525634766
0.011324405670166016
0.01384282112121582
0.011614322662353516
0.01375436782836914
0.01123666763305664
0.01137399673461914
0.011374711990356445
0.011327028274536133
0.01143336296081543
0.011422395706176758
0.01141500473022461
0.011309623718261719
0.01379537582397461
0.011312484741210938
0.013758659362792969
0.011513471603393555
0.007992267608642578
0.011304616928100586
0.011096000671386719
0.009211540222167969
0.008008718490600586
0.007983207702636719
0.00804448127746582
0.00802755355834961
0.008011102676391602
0.008038759231567383
0.008021354675292969
0.008046388626098633
0.011003255844116211
0.008011341094970703
0.008027791976928711
0.011239051818847656
0.0113067626953125
0.01314544677734375
0.012079715728759766
0.012498140335083008
0.01148080825805664
0.011666297912597656
0.012905120849609375
0.011355400085449219
0.011489152908325195
0.011308670043945312
0.012141942977905273
0.012748241424560547
0.011345386505126953
0.011409282684326172
0.0124359130859375
0.011433839797973633
0.011321067810058594
0.013730287551879883
0.011643648147583008
0.01282358169555664
0.011713027954101562
0.011455535888671875
0.01140451431274414
0.011424064636230469
0.013790369033813477
0.01329350471496582
0.011322498321533203
0.0114898681640625
0.011313199996948242
0.011376619338989258
0.01129603385925293
0.011343955993652344
0.012645244598388672
0.011381149291992188
0.011429786682128906
0.01154184341430664
0.011373281478881836
0.011535882949829102
0.013823270797729492
0.01333165168762207
0.011273384094238281
0.01212763786315918
0.01136016845703125
0.011715412139892578
0.01130986213684082
0.011383295059204102
0.011551141738891602
0.012901544570922852
0.01141214370727539
0.011337757110595703
0.011245012283325195
0.011534929275512695
0.011364936828613281
0.013743400573730469
0.01124715805053711
0.011342048645019531
0.01124882698059082
0.011425971984863281
0.01125645637512207
0.011362314224243164
0.012928009033203125
0.011603116989135742
0.011431455612182617
0.011441230773925781
0.013807058334350586
0.011251688003540039
0.011319160461425781
0.011266708374023438
0.01135396957397461
0.011500120162963867
0.011277198791503906
0.01258993148803711
0.01154184341430664
0.011316776275634766
0.013327598571777344
0.011292457580566406
0.011337757110595703
0.011527776718139648
0.013802289962768555
0.013048410415649414
0.01177835464477539
0.011560201644897461
0.013623952865600586
0.012891530990600586
0.012276411056518555
0.011298179626464844
0.011358022689819336
0.011402368545532227
0.011400938034057617
0.011484384536743164
0.011444330215454102
0.011280059814453125
0.011783599853515625
0.011409282684326172
0.011462211608886719
0.011379480361938477
0.01129460334777832
0.013774394989013672
0.011316061019897461
0.01134800910949707
0.011344432830810547
0.011327028274536133
0.01143336296081543
0.011589288711547852
0.01160287857055664
0.01150059700012207
0.013377666473388672
0.011312484741210938
0.011271953582763672
0.011345148086547852
0.011431217193603516
0.011284828186035156
0.008849382400512695
0.011379718780517578
0.008577346801757812
0.011079072952270508
0.007982015609741211
0.008034706115722656
