0.31420397758483887
0.061392784118652344
0.06144237518310547
0.06152176856994629
0.06165456771850586
0.06179952621459961
0.06173563003540039
0.061711788177490234
0.06457853317260742
0.06177568435668945
0.06080937385559082
0.06282973289489746
0.05507469177246094
0.06072425842285156
0.055327653884887695
0.05542397499084473
0.05506014823913574
0.05500006675720215
0.05505704879760742
0.05515694618225098
0.05528903007507324
0.05532264709472656
0.05529356002807617
0.0622103214263916
0.055184125900268555
0.055253028869628906
0.05507636070251465
0.055324554443359375
0.0570979118347168
0.05534052848815918
0.05524635314941406
0.05910062789916992
0.05508923530578613
0.05411338806152344
0.05630373954772949
0.05430412292480469
0.054205894470214844
0.05428719520568848
0.05173540115356445
0.051560163497924805
0.05212759971618652
0.051367759704589844
0.06054210662841797
0.06374478340148926
0.05496048927307129
0.06562018394470215
0.051691293716430664
0.0517582893371582
0.05161857604980469
0.0515437126159668
0.05160665512084961
0.05476689338684082
0.07306838035583496
0.05287337303161621
0.054378509521484375
0.05171084403991699
0.05165553092956543
0.05169272422790527
0.051665306091308594
0.051134347915649414
0.050255775451660156
0.06061840057373047
0.06348180770874023
0.050188302993774414
0.050223350524902344
0.05021786689758301
0.050531625747680664
0.06343555450439453
0.050414085388183594
0.05022764205932617
0.050211191177368164
0.07839250564575195
0.06208181381225586
0.05160260200500488
0.06659221649169922
0.06032824516296387
0.050145864486694336
0.08638858795166016
0.05352425575256348
0.0566253662109375
0.0502622127532959
0.05055356025695801
0.05041837692260742
0.05040121078491211
0.05036163330078125
0.0504152774810791
0.050409555435180664
0.05040264129638672
0.050405025482177734
0.050362348556518555
0.0504908561706543
0.05040311813354492
0.05037665367126465
0.050412893295288086
0.05041766166687012
0.05041837692260742
0.050431251525878906
0.05044674873352051
0.050429344177246094
0.05041766166687012
0.05041241645812988
0.05044269561767578
0.050498008728027344
0.050507307052612305
0.05048990249633789
0.05049276351928711
0.05443143844604492
0.06353211402893066
0.05619025230407715
0.05592989921569824
0.056014299392700195
0.05649852752685547
0.05620980262756348
0.06489443778991699
0.05033397674560547
0.050377845764160156
0.050357818603515625
0.05040168762207031
0.05041694641113281
0.05032753944396973
0.050394535064697266
0.05045795440673828
0.05031847953796387
0.05421733856201172
0.05038022994995117
0.05034923553466797
0.06259870529174805
0.050445556640625
0.050427913665771484
0.05063629150390625
0.05040884017944336
0.05063319206237793
0.050424814224243164
0.05049419403076172
0.05065584182739258
0.05058431625366211
0.05047893524169922
0.050440311431884766
0.06038522720336914
0.05049633979797363
0.05077385902404785
0.05059647560119629
0.05050015449523926
0.05048036575317383
0.06541991233825684
0.05116438865661621
0.05063438415527344
0.05049753189086914
0.05169272422790527
0.05064082145690918
0.05058646202087402
0.0505678653717041
0.05049395561218262
0.05095958709716797
0.05077242851257324
0.05055594444274902
0.05902385711669922
0.05055880546569824
0.05065488815307617
0.062302589416503906
0.05060982704162598
0.05057191848754883
0.05046439170837402
0.05044436454772949
0.050583600997924805
0.05035805702209473
0.05048012733459473
0.05062222480773926
0.0742499828338623
0.05046892166137695
0.06574273109436035
0.05055522918701172
0.07162332534790039
0.06441903114318848
0.05051088333129883
0.05042862892150879
0.07141709327697754
0.06514263153076172
0.05045032501220703
0.050403594970703125
0.050461769104003906
0.05043339729309082
0.05057835578918457
0.06417107582092285
0.050476789474487305
0.05636096000671387
0.061475276947021484
0.061832427978515625
0.06022763252258301
0.050696372985839844
0.050744056701660156
0.054473876953125
0.053754329681396484
0.05070137977600098
0.06466245651245117
0.05068349838256836
0.06510472297668457
0.050679683685302734
0.05049729347229004
0.06578540802001953
0.06296110153198242
0.05645346641540527
0.055306434631347656
0.0592653751373291
0.050581932067871094
0.05038094520568848
0.05060768127441406
0.06165051460266113
0.06336283683776855
0.0640408992767334
0.06698155403137207
0.05051445960998535
0.06277227401733398
0.05052685737609863
0.06431007385253906
0.050540924072265625
0.05789971351623535
0.0505983829498291
0.05590176582336426
0.0681467056274414
0.05056190490722656
0.05045151710510254
0.0509028434753418
0.05083584785461426
0.0509486198425293
0.05199837684631348
0.0655221939086914
0.06417727470397949
0.050925493240356445
0.06316804885864258
0.05084037780761719
0.050801992416381836
0.06829190254211426
0.05083942413330078
0.060103416442871094
0.06548690795898438
0.05092668533325195
0.06616997718811035
0.0542140007019043
0.053578853607177734
0.05366969108581543
0.05353069305419922
0.0534062385559082
0.05369424819946289
0.05345487594604492
0.06346869468688965
0.05102419853210449
0.06600689888000488
0.06580305099487305
0.05468583106994629
0.054792165756225586
0.05904388427734375
0.06089162826538086
0.05628037452697754
0.0509033203125
0.06569314002990723
0.059914588928222656
0.05677366256713867
0.059186697006225586
0.062212467193603516
0.05630135536193848
0.05088520050048828
0.05090475082397461
0.05797243118286133
0.06032562255859375
0.06161189079284668
0.056064605712890625
0.05491328239440918
0.06407833099365234
0.05791926383972168
0.05115008354187012
0.07051944732666016
0.05088996887207031
0.050904035568237305
0.05082964897155762
0.05461263656616211
0.05919909477233887
0.05080580711364746
0.050820112228393555
0.05981731414794922
0.0510098934173584
0.05106019973754883
0.05105447769165039
0.050829410552978516
0.05510115623474121
0.06499290466308594
0.061855316162109375
0.06594634056091309
0.05500650405883789
0.06495380401611328
0.05677485466003418
0.06706643104553223
0.06500601768493652
0.05518960952758789
0.050888776779174805
0.06369876861572266
0.05111360549926758
0.0652155876159668
0.06035184860229492
0.07850265502929688
0.060111284255981445
0.059848785400390625
0.056830406188964844
0.05541872978210449
0.05494880676269531
0.0539240837097168
0.05304217338562012
0.07986831665039062
0.0531468391418457
0.0531158447265625
0.05937361717224121
0.05310344696044922
0.07101821899414062
0.05306291580200195
0.05311989784240723
0.06541800498962402
0.05142331123352051
0.05130267143249512
0.05095553398132324
0.05082511901855469
0.05086350440979004
0.05091238021850586
0.05085921287536621
0.05091428756713867
0.06529617309570312
0.05095696449279785
0.0509037971496582
0.050783634185791016
0.050850868225097656
0.05088472366333008
0.05077242851257324
0.0507960319519043
0.0508425235748291
0.05087685585021973
0.050837039947509766
0.05175352096557617
0.06267690658569336
0.07222509384155273
0.05097603797912598
0.05084657669067383
0.05085182189941406
0.05126500129699707
0.05092501640319824
0.06567716598510742
0.05099821090698242
0.05098152160644531
0.056325674057006836
0.05101966857910156
0.06367993354797363
0.05090212821960449
0.050893306732177734
0.0652768611907959
0.05608987808227539
0.051203012466430664
0.05753326416015625
0.05108809471130371
0.051041364669799805
0.051146745681762695
0.051052093505859375
0.053519487380981445
0.051046133041381836
0.05386614799499512
0.05577373504638672
0.06172442436218262
0.05724024772644043
0.05109715461730957
0.06565093994140625
0.05107235908508301
0.06122875213623047
0.05145430564880371
0.05114006996154785
0.07325577735900879
0.062454938888549805
0.059453725814819336
0.05434560775756836
0.06928014755249023
0.05699920654296875
0.05098986625671387
0.0510098934173584
0.0521085262298584
0.06523466110229492
0.06557297706604004
0.0512242317199707
0.051053524017333984
0.051084280014038086
0.0510709285736084
0.05112266540527344
0.05109524726867676
0.05108308792114258
0.06402182579040527
0.050969839096069336
0.05102992057800293
0.051042795181274414
0.06291079521179199
0.06243014335632324
0.06253600120544434
0.06218266487121582
0.05118536949157715
0.05119013786315918
0.06523323059082031
0.06508779525756836
0.05119013786315918
0.06372761726379395
0.051050424575805664
0.06365728378295898
0.051329612731933594
0.05135607719421387
0.06100344657897949
0.056189537048339844
0.06599092483520508
0.0510706901550293
0.05101346969604492
0.06870555877685547
0.06038928031921387
0.05122637748718262
0.0707862377166748
0.05102801322937012
0.051015377044677734
0.05119180679321289
0.05131959915161133
0.050940752029418945
0.0510861873626709
0.05103445053100586
0.05108642578125
0.06056404113769531
0.0520172119140625
0.051056623458862305
0.05869293212890625
0.06690168380737305
0.051128387451171875
0.05110883712768555
0.07127141952514648
0.05109143257141113
0.0510256290435791
0.05110025405883789
0.05108046531677246
0.05109119415283203
0.05106067657470703
0.051172494888305664
0.05119204521179199
0.05102896690368652
0.05102896690368652
0.06542086601257324
0.05445575714111328
0.05106806755065918
0.05106544494628906
0.05100893974304199
0.07109618186950684
0.05376386642456055
0.05104327201843262
0.05102396011352539
0.0511167049407959
0.051044464111328125
0.058446645736694336
0.05098247528076172
0.05106782913208008
0.05112457275390625
0.05107927322387695
0.05109262466430664
0.051070213317871094
0.06515359878540039
0.06545519828796387
0.05102872848510742
0.0509800910949707
0.05102992057800293
0.051052093505859375
0.051061391830444336
0.051054954528808594
0.05118536949157715
0.06604838371276855
0.05108380317687988
0.05105280876159668
0.05710434913635254
0.0511317253112793
0.05115246772766113
0.05123496055603027
0.05121111869812012
0.05126357078552246
0.05121922492980957
0.05122041702270508
0.07127904891967773
0.08558535575866699
0.05102729797363281
0.05546975135803223
0.05494427680969238
0.06539273262023926
0.06678915023803711
0.0510866641998291
0.051033735275268555
0.051067352294921875
0.06388330459594727
0.07277965545654297
0.05114912986755371
0.06524443626403809
0.06514382362365723
0.0657038688659668
0.051067352294921875
0.05484819412231445
0.06514406204223633
0.05123090744018555
0.06814098358154297
0.07007169723510742
0.06191730499267578
0.06946992874145508
0.05118560791015625
0.05117392539978027
0.06233072280883789
0.0512087345123291
0.051262855529785156
0.058847904205322266
0.051030874252319336
0.05168581008911133
0.06248188018798828
0.06073904037475586
0.05140185356140137
0.05164289474487305
0.056096553802490234
0.05099129676818848
0.06317853927612305
0.0652315616607666
0.051056623458862305
0.05378913879394531
0.06059908866882324
0.06492328643798828
0.051331520080566406
0.05121135711669922
0.06346011161804199
0.051084041595458984
0.05109238624572754
0.05204606056213379
0.05112457275390625
0.05108451843261719
0.05100870132446289
0.05110526084899902
0.0513458251953125
0.051247596740722656
0.05106163024902344
0.05121564865112305
0.06528854370117188
0.05119609832763672
0.051156044006347656
0.05921792984008789
0.05128145217895508
0.06562972068786621
0.061460018157958984
0.0642404556274414
0.06137847900390625
0.05308270454406738
0.05889534950256348
0.06505155563354492
0.05115461349487305
0.051181793212890625
0.05115103721618652
0.06397247314453125
0.06022524833679199
0.06266164779663086
0.0611114501953125
0.06544256210327148
0.06961321830749512
0.05130147933959961
0.05176687240600586
0.05133223533630371
0.051230669021606445
0.05116891860961914
0.051169395446777344
0.05108904838562012
0.05161643028259277
0.051093101501464844
0.051200151443481445
0.05112576484680176
0.0511631965637207
0.05145621299743652
0.051596641540527344
0.05113863945007324
0.05116581916809082
0.05112171173095703
0.05157351493835449
0.05130505561828613
0.05197596549987793
0.051183223724365234
0.0511927604675293
0.05137825012207031
0.062429189682006836
0.05116152763366699
0.05125164985656738
0.05827951431274414
0.05119490623474121
0.07018256187438965
0.0561826229095459
0.060439109802246094
0.05119013786315918
0.06955385208129883
0.06260275840759277
0.06315159797668457
0.051286935806274414
0.07020068168640137
0.05640745162963867
0.0679011344909668
0.07036995887756348
0.0619511604309082
0.051090240478515625
0.051543474197387695
0.05139565467834473
0.05117082595825195
0.05535531044006348
0.06603884696960449
0.06327962875366211
0.06348252296447754
0.05118083953857422
0.06135106086730957
0.05726313591003418
0.05505228042602539
0.06512904167175293
0.05616283416748047
0.056121110916137695
0.056293487548828125
0.056272268295288086
0.060561418533325195
0.05650925636291504
0.06197237968444824
0.05910897254943848
0.05930590629577637
0.06407356262207031
0.061228275299072266
0.05931568145751953
0.05785679817199707
0.05499982833862305
0.05493593215942383
0.05314946174621582
0.05282402038574219
0.05276203155517578
0.05491232872009277
0.05425906181335449
0.0605771541595459
0.06388044357299805
0.05271720886230469
0.06728911399841309
0.06384420394897461
0.05332350730895996
0.05684542655944824
0.07163524627685547
0.0547184944152832
0.05434775352478027
0.06414246559143066
0.05301403999328613
0.05283951759338379
0.0528721809387207
0.05309033393859863
0.05305886268615723
0.05290079116821289
0.06633377075195312
0.052963972091674805
0.0544281005859375
0.05303621292114258
0.05286407470703125
0.05249738693237305
0.051218271255493164
0.05237436294555664
0.056043148040771484
0.05602836608886719
0.05133557319641113
0.06567096710205078
0.05662727355957031
0.06624627113342285
0.0555872917175293
0.055709123611450195
0.051312923431396484
0.051157474517822266
0.0569758415222168
0.05118441581726074
0.06541943550109863
0.06550478935241699
0.051245927810668945
0.051132917404174805
0.05119013786315918
0.051046133041381836
0.059699296951293945
0.05715823173522949
0.05127406120300293
0.05118250846862793
0.05171608924865723
0.05311012268066406
0.05121207237243652
0.06644606590270996
0.05430912971496582
0.05516934394836426
0.06524085998535156
0.05130290985107422
0.05133318901062012
0.051145076751708984
0.05111098289489746
0.05113697052001953
0.059400081634521484
0.054840803146362305
0.05115222930908203
0.05115032196044922
0.06576776504516602
0.07631373405456543
0.06296443939208984
0.06798505783081055
0.0567474365234375
0.07360196113586426
0.06224703788757324
0.06483316421508789
0.051180124282836914
0.0654151439666748
0.0745382308959961
0.05949234962463379
0.051846981048583984
0.0743107795715332
0.05146288871765137
0.051126956939697266
0.06501483917236328
0.07696294784545898
0.07626891136169434
0.06367278099060059
0.051140785217285156
0.05916643142700195
0.0510561466217041
0.05119729042053223
0.051100730895996094
0.05108785629272461
0.0540156364440918
0.062180280685424805
0.061638832092285156
0.05112147331237793
0.05112051963806152
0.062496185302734375
0.06503844261169434
0.051332712173461914
0.05118703842163086
0.05505943298339844
0.051252126693725586
0.05110478401184082
0.05626630783081055
0.058234453201293945
0.05111217498779297
0.06591415405273438
0.07529139518737793
0.05121612548828125
0.06254887580871582
0.05118274688720703
0.06309962272644043
0.05106782913208008
0.07113862037658691
0.05116558074951172
0.056871652603149414
0.05121874809265137
0.07608175277709961
0.07635116577148438
0.0511927604675293
0.06722354888916016
0.05110764503479004
0.051131486892700195
0.05112028121948242
0.05111098289489746
0.05114865303039551
0.0653688907623291
0.06548857688903809
0.06425666809082031
0.0511476993560791
0.05112290382385254
0.05104374885559082
0.05110764503479004
0.05118608474731445
0.06156730651855469
0.05108070373535156
0.06555008888244629
0.05135011672973633
0.0511019229888916
0.06447076797485352
0.05111980438232422
0.05106472969055176
0.06267547607421875
0.059409379959106445
0.05143094062805176
0.055481910705566406
0.060068607330322266
0.06365489959716797
0.051980018615722656
0.06071805953979492
0.0646963119506836
0.07391548156738281
0.05106711387634277
0.07028436660766602
0.0576777458190918
0.06834697723388672
0.06462383270263672
0.052510738372802734
0.05277681350708008
0.05266857147216797
0.05347108840942383
0.05127072334289551
0.05124711990356445
0.05110359191894531
0.05107855796813965
0.05118536949157715
0.061835527420043945
0.0512845516204834
0.05161333084106445
0.06366300582885742
0.06465363502502441
0.051163434982299805
0.05120205879211426
0.05112862586975098
0.058348655700683594
0.05110526084899902
0.05116701126098633
0.051140785217285156
0.05223393440246582
0.053807973861694336
0.05129289627075195
0.051352739334106445
0.07502055168151855
0.06159830093383789
0.06295514106750488
0.05132007598876953
0.06457066535949707
0.06353998184204102
0.059893131256103516
0.06958627700805664
0.07470107078552246
0.051164865493774414
0.06555986404418945
0.07105588912963867
0.05134844779968262
0.051104068756103516
0.05106043815612793
0.0511012077331543
0.05936098098754883
0.055466651916503906
0.05131387710571289
0.0515902042388916
0.051300764083862305
0.05101466178894043
0.053591251373291016
0.06166362762451172
0.05605792999267578
0.06357908248901367
0.05123329162597656
0.05138802528381348
0.05157113075256348
0.05115199089050293
0.05116915702819824
0.05104422569274902
0.05144858360290527
0.0513310432434082
0.051412105560302734
0.05130600929260254
0.05128288269042969
0.05129694938659668
0.05540275573730469
0.07545804977416992
0.051291704177856445
0.0511784553527832
0.07251501083374023
0.05130720138549805
0.05646944046020508
0.05995512008666992
0.06343889236450195
0.06319999694824219
0.05482792854309082
0.051351070404052734
0.05905318260192871
0.05666780471801758
0.056617021560668945
0.05409502983093262
0.055196285247802734
0.05569577217102051
0.0513763427734375
0.05131959915161133
0.051259756088256836
0.06598377227783203
0.06292915344238281
0.05142641067504883
0.0553281307220459
0.06332278251647949
0.051380157470703125
0.06524491310119629
0.0649113655090332
0.05306816101074219
0.06474423408508301
0.059213876724243164
0.0592656135559082
0.06230044364929199
0.05948281288146973
0.06325006484985352
0.06554126739501953
0.05926918983459473
0.0667257308959961
0.0591890811920166
0.059336185455322266
0.05918717384338379
0.059270381927490234
0.0685575008392334
0.06315207481384277
0.06569123268127441
0.05964159965515137
0.07264995574951172
0.0665750503540039
0.05956578254699707
0.060942888259887695
0.05951070785522461
0.05939602851867676
0.059265851974487305
0.059239864349365234
0.05535531044006348
0.06537985801696777
0.065032958984375
0.06223130226135254
0.055277109146118164
0.05526399612426758
0.06474900245666504
0.05627155303955078
0.05533766746520996
0.05528569221496582
0.055321693420410156
0.06573677062988281
0.056140899658203125
0.061594486236572266
0.05569100379943848
0.05566596984863281
0.06970930099487305
0.06498050689697266
0.0644674301147461
0.0650639533996582
0.06543588638305664
0.05531048774719238
0.055413246154785156
0.060419321060180664
0.06523346900939941
0.0616002082824707
0.06936764717102051
0.07053995132446289
0.06430506706237793
0.06435489654541016
0.05551958084106445
0.05549454689025879
0.06278276443481445
0.06456351280212402
0.05533456802368164
0.055344343185424805
0.05559563636779785
0.060393571853637695
0.07636713981628418
0.06267428398132324
0.06009411811828613
0.055323123931884766
0.06631612777709961
0.05605125427246094
0.062458038330078125
0.07159161567687988
0.060045719146728516
0.05603146553039551
0.05588650703430176
0.056813716888427734
0.06049823760986328
0.05562639236450195
0.05565524101257324
0.06285858154296875
0.05565309524536133
0.05556607246398926
0.055353403091430664
0.05417752265930176
0.07335877418518066
0.06647419929504395
0.05118918418884277
0.061548471450805664
0.05131816864013672
0.05470132827758789
0.0549931526184082
0.05778360366821289
0.05142045021057129
0.05133056640625
0.06368803977966309
0.059767961502075195
0.05570793151855469
0.062432050704956055
0.055829524993896484
0.058171749114990234
0.05865883827209473
0.051494598388671875
0.051152944564819336
0.06574845314025879
0.051137685775756836
0.051184892654418945
0.0511775016784668
0.05115175247192383
0.05115151405334473
0.05123543739318848
0.057065725326538086
0.05427861213684082
0.05133509635925293
0.063385009765625
0.06237506866455078
0.051187992095947266
0.051102399826049805
0.05113363265991211
0.05113530158996582
0.0655980110168457
