0.41027283668518066
0.11805200576782227
0.11093997955322266
0.10908317565917969
0.1079862117767334
0.10773015022277832
0.10752534866333008
0.10740399360656738
0.10765314102172852
0.1085202693939209
0.10854387283325195
0.10867500305175781
0.10896110534667969
0.1082162857055664
0.10816645622253418
0.1087961196899414
0.10867810249328613
0.10885095596313477
0.10930299758911133
0.10836267471313477
0.10809993743896484
0.10916590690612793
0.10854959487915039
0.1087350845336914
0.10857582092285156
0.10840344429016113
0.1089625358581543
0.10872602462768555
0.10941576957702637
0.10819435119628906
0.1082608699798584
0.10830354690551758
0.1082613468170166
0.10873270034790039
0.10846495628356934
0.10848283767700195
0.10877394676208496
0.10843992233276367
0.10856986045837402
0.10918307304382324
0.10852861404418945
0.10849618911743164
0.10857868194580078
0.10917806625366211
0.1093144416809082
0.10879755020141602
0.10841178894042969
0.10848236083984375
0.10836386680603027
0.10844087600708008
0.10901451110839844
0.10885214805603027
0.10875439643859863
0.10881328582763672
0.10847902297973633
0.10832357406616211
0.10851311683654785
0.10863661766052246
0.10885834693908691
0.10881423950195312
0.10901021957397461
0.10897660255432129
0.10906362533569336
0.10866761207580566
0.10868263244628906
0.1086266040802002
0.10872125625610352
0.10858416557312012
0.10851216316223145
0.10922026634216309
0.10870361328125
0.10872840881347656
0.10937213897705078
0.10876202583312988
0.10880136489868164
0.10855674743652344
0.10848116874694824
0.10938072204589844
0.10894489288330078
0.10852622985839844
0.10825681686401367
0.10841536521911621
0.1084132194519043
0.10859918594360352
0.10847759246826172
0.10890841484069824
0.10887384414672852
0.10868024826049805
0.10825324058532715
0.1083536148071289
0.10912108421325684
0.1092524528503418
0.10911917686462402
0.10827302932739258
0.10845708847045898
0.10908222198486328
0.10855770111083984
0.10828685760498047
0.10876941680908203
0.10926079750061035
0.10845780372619629
0.1093602180480957
0.10922002792358398
0.1090545654296875
0.10962295532226562
0.10861420631408691
0.10880446434020996
0.10850644111633301
0.10834050178527832
0.1084299087524414
0.10819530487060547
0.10888242721557617
0.10912251472473145
0.10875058174133301
0.10877704620361328
0.1093137264251709
0.1092519760131836
0.1092531681060791
0.10893130302429199
0.1089792251586914
0.10875439643859863
0.10872483253479004
0.10870075225830078
0.10869836807250977
0.10868358612060547
0.10852551460266113
0.10877847671508789
0.10886025428771973
0.10865163803100586
0.10870909690856934
0.10943460464477539
0.10895180702209473
0.10909605026245117
0.10918354988098145
0.10918521881103516
0.10934591293334961
0.10897517204284668
0.10914206504821777
0.10934233665466309
0.10909891128540039
0.10898160934448242
0.10892534255981445
0.10877513885498047
0.10914206504821777
0.10934066772460938
0.10900187492370605
0.10939574241638184
0.10879206657409668
0.10878920555114746
0.10909557342529297
0.10888218879699707
0.10882949829101562
0.10888838768005371
0.1088709831237793
0.10931253433227539
0.10893821716308594
0.10882091522216797
0.10875320434570312
0.10875773429870605
0.10876131057739258
0.10944199562072754
0.1105194091796875
0.10892796516418457
0.10911750793457031
0.10912966728210449
0.1090385913848877
0.11014032363891602
0.10961484909057617
0.10913562774658203
0.10885953903198242
0.10888671875
0.10876631736755371
0.10876750946044922
0.10866665840148926
0.10873627662658691
0.10876083374023438
0.10875082015991211
0.1095590591430664
0.10973715782165527
0.10947895050048828
0.10891437530517578
0.1086435317993164
0.10876965522766113
0.10876035690307617
0.1089932918548584
0.1088554859161377
0.10929059982299805
0.10895729064941406
0.10887980461120605
0.10902905464172363
0.1088113784790039
0.10888862609863281
0.1089632511138916
0.1089625358581543
0.10959315299987793
0.10904479026794434
0.10886406898498535
0.10948729515075684
0.10945582389831543
0.10928177833557129
0.10947370529174805
0.10905909538269043
0.10898160934448242
0.10891890525817871
0.10884976387023926
0.10971379280090332
0.10892653465270996
0.10969090461730957
0.10990619659423828
0.10971641540527344
0.10903763771057129
0.1087806224822998
0.10887360572814941
0.10875439643859863
0.10942292213439941
0.10936880111694336
0.10991859436035156
0.11059069633483887
0.10963153839111328
0.10966324806213379
0.1095128059387207
0.11041951179504395
0.1100161075592041
0.11003875732421875
0.1103050708770752
0.10992121696472168
0.1104285717010498
0.10957002639770508
0.10956788063049316
0.1104128360748291
0.1097097396850586
0.1098480224609375
0.1096034049987793
0.10975456237792969
0.1094510555267334
0.10952496528625488
0.10931587219238281
0.1094048023223877
0.10949516296386719
0.10942268371582031
0.10962772369384766
0.10941410064697266
0.10942983627319336
0.1098473072052002
0.10962510108947754
0.10971307754516602
0.1095116138458252
0.10950112342834473
0.10932660102844238
0.11026692390441895
0.11031055450439453
0.10945248603820801
0.10977673530578613
0.10956621170043945
0.1096353530883789
0.10967707633972168
0.10948443412780762
0.1096658706665039
0.10967779159545898
0.10959005355834961
0.1094815731048584
0.11022067070007324
0.10956668853759766
0.10962200164794922
0.10971689224243164
0.10935664176940918
0.10940980911254883
0.1096651554107666
0.11034631729125977
0.10968875885009766
0.10933995246887207
0.10932755470275879
0.10932779312133789
0.11015868186950684
0.10968470573425293
0.10963058471679688
0.10969662666320801
0.1093285083770752
0.10932159423828125
0.10928511619567871
0.10948824882507324
0.10929989814758301
0.1092519760131836
0.10943102836608887
0.10971379280090332
0.10962462425231934
0.11026334762573242
0.11032438278198242
0.1107947826385498
0.1098318099975586
0.10930061340332031
0.10999679565429688
0.11026382446289062
0.10986614227294922
0.10985732078552246
0.10971546173095703
0.10968637466430664
0.1099691390991211
0.10971760749816895
0.10932612419128418
0.10932421684265137
0.10987138748168945
0.10972285270690918
0.11004376411437988
0.10961174964904785
0.10964727401733398
0.10946536064147949
0.1098170280456543
0.11019134521484375
0.10997414588928223
0.1099085807800293
0.10969948768615723
0.11269783973693848
0.11013007164001465
0.10978245735168457
0.11003661155700684
0.11034011840820312
0.10956978797912598
0.11017298698425293
0.11007332801818848
0.1096963882446289
0.11023807525634766
0.11020255088806152
0.10939478874206543
0.10990214347839355
0.11003351211547852
0.10956215858459473
0.1094367504119873
0.10958433151245117
0.10980796813964844
0.10955333709716797
0.10950469970703125
0.10980653762817383
0.10967636108398438
0.1093740463256836
0.10983824729919434
0.1099708080291748
0.11048007011413574
0.10992598533630371
0.10973095893859863
0.11023712158203125
0.10991287231445312
0.10931801795959473
0.10990619659423828
0.11028194427490234
0.10930299758911133
0.10962677001953125
0.10950350761413574
0.10932683944702148
0.10997700691223145
0.10998821258544922
0.11004114151000977
0.109771728515625
0.10984230041503906
0.10971903800964355
0.10972714424133301
0.11001324653625488
0.10963630676269531
0.1095590591430664
0.10950922966003418
0.11036515235900879
0.10960841178894043
0.10969400405883789
0.10990428924560547
0.10976171493530273
0.11003756523132324
0.11037707328796387
0.1101994514465332
0.10967087745666504
0.1097414493560791
0.11034870147705078
0.10982418060302734
0.10971736907958984
0.10968136787414551
0.1102437973022461
0.1096045970916748
0.1095573902130127
0.10965228080749512
0.10942721366882324
0.10960102081298828
0.10954856872558594
0.10965776443481445
0.10963773727416992
0.10958623886108398
0.11000442504882812
0.1093592643737793
0.11061215400695801
0.1100301742553711
0.10968303680419922
0.10966849327087402
0.10961008071899414
0.10958242416381836
0.10943603515625
0.1093442440032959
0.1094202995300293
0.10976791381835938
0.10942769050598145
0.10995721817016602
0.10994648933410645
0.1094810962677002
0.10957980155944824
0.10988926887512207
0.10959029197692871
0.10953831672668457
0.1096956729888916
0.11005067825317383
0.10941576957702637
0.10939621925354004
0.10934281349182129
0.10949420928955078
0.10941600799560547
0.1096189022064209
0.10953569412231445
0.10939717292785645
0.10943055152893066
0.10942554473876953
0.10956859588623047
0.10985207557678223
0.1093449592590332
0.10941648483276367
0.10965180397033691
0.1098642349243164
0.10998320579528809
0.10980939865112305
0.10987520217895508
0.10997986793518066
0.10976076126098633
0.10967516899108887
0.10945248603820801
0.10945248603820801
0.10943007469177246
0.1100313663482666
0.10982918739318848
0.10955476760864258
0.10938453674316406
0.10930228233337402
0.10948538780212402
0.10945796966552734
0.1100773811340332
0.10928153991699219
0.10945892333984375
0.1100156307220459
0.11017274856567383
0.10947966575622559
0.10940217971801758
0.10944342613220215
0.11055588722229004
0.1099402904510498
0.1099550724029541
0.10945940017700195
0.11038708686828613
0.109954833984375
0.10972929000854492
0.10983538627624512
0.11016678810119629
0.11014914512634277
0.11044764518737793
0.10998892784118652
0.11002635955810547
0.11023592948913574
0.11016607284545898
0.10983633995056152
0.10978937149047852
0.10961294174194336
0.11002469062805176
0.10966610908508301
0.10993385314941406
0.10981297492980957
0.10980606079101562
0.10993742942810059
0.11050701141357422
0.10969281196594238
0.10983085632324219
0.10988831520080566
0.10989499092102051
0.10967850685119629
0.10972166061401367
0.1096353530883789
0.10963702201843262
0.11008167266845703
0.10977005958557129
0.10985684394836426
0.10973858833312988
0.1097557544708252
0.11004972457885742
0.11023998260498047
0.11026453971862793
0.11020159721374512
0.1104130744934082
0.11062502861022949
0.10988283157348633
0.10979533195495605
0.10990071296691895
0.10988950729370117
0.10991144180297852
0.11023974418640137
0.11020946502685547
0.11208987236022949
0.1103818416595459
0.11037087440490723
0.11058592796325684
0.10992980003356934
0.11000847816467285
0.10992884635925293
0.10981202125549316
0.11062073707580566
0.10975861549377441
0.1098933219909668
0.11055445671081543
0.11021089553833008
0.11009502410888672
0.11007237434387207
0.10989642143249512
0.11082625389099121
0.10980033874511719
0.11002349853515625
0.10983991622924805
0.1100916862487793
0.11090207099914551
0.11005949974060059
0.10973620414733887
0.1113581657409668
0.10973978042602539
0.10982918739318848
0.10971927642822266
0.10991501808166504
0.1100609302520752
0.10974264144897461
0.1105344295501709
0.11016845703125
0.11006474494934082
0.1116631031036377
0.11009573936462402
0.10974574089050293
0.1102895736694336
0.11039185523986816
0.10976910591125488
0.10994982719421387
0.11010575294494629
0.10982441902160645
0.10979890823364258
0.1102452278137207
0.10988020896911621
0.10984587669372559
0.10977911949157715
0.11072206497192383
0.10984301567077637
0.11008739471435547
0.10988569259643555
0.11026382446289062
0.1101694107055664
0.11018800735473633
0.11009550094604492
0.11014461517333984
0.11039900779724121
0.10998010635375977
0.10991859436035156
0.1100003719329834
0.10985016822814941
0.10978317260742188
0.10976195335388184
0.10966348648071289
0.11010527610778809
0.10975241661071777
0.11007809638977051
0.10992646217346191
0.11001920700073242
0.11009502410888672
0.10997462272644043
0.10964274406433105
0.11049270629882812
0.1096348762512207
0.11000800132751465
0.11067318916320801
0.1099088191986084
0.11008143424987793
0.11095547676086426
0.11031675338745117
0.11032366752624512
0.11044073104858398
0.10984587669372559
0.10992956161499023
0.10996294021606445
0.11078977584838867
0.10982584953308105
0.10970807075500488
0.10990595817565918
0.10982203483581543
0.10983419418334961
0.1098628044128418
0.10984516143798828
0.10993480682373047
0.10978841781616211
0.1100921630859375
0.10991668701171875
0.10996770858764648
0.10975933074951172
0.10977840423583984
0.11014342308044434
0.11001873016357422
0.11071276664733887
0.10981988906860352
0.11018991470336914
0.10997438430786133
0.11008405685424805
0.10999774932861328
0.109832763671875
0.1096353530883789
0.11021041870117188
0.11019229888916016
0.11137938499450684
0.11005973815917969
0.11005306243896484
0.1099853515625
0.11017656326293945
0.10990357398986816
0.11038899421691895
0.10980844497680664
0.10984039306640625
0.11003518104553223
0.11006021499633789
0.10959863662719727
0.11004066467285156
0.11014628410339355
0.1102297306060791
0.11021065711975098
0.11017537117004395
0.11020469665527344
0.11008453369140625
0.10983395576477051
0.1102602481842041
0.10994243621826172
0.11023068428039551
0.11005163192749023
0.11011648178100586
0.10985755920410156
0.11010885238647461
0.1098337173461914
0.10988759994506836
0.1100773811340332
0.1102132797241211
0.10971379280090332
0.10979843139648438
0.11099696159362793
0.1106867790222168
0.1096811294555664
0.10992717742919922
0.10979390144348145
0.10980939865112305
0.11026597023010254
0.11081075668334961
0.1097874641418457
0.10992622375488281
0.10988163948059082
0.10998177528381348
0.10987281799316406
0.11036038398742676
0.10969877243041992
0.11072564125061035
0.11049938201904297
0.10977339744567871
0.11024785041809082
0.11030340194702148
0.11040639877319336
0.11036801338195801
0.11020898818969727
0.11016225814819336
0.11014342308044434
0.11068558692932129
0.11013984680175781
0.10986971855163574
0.11026763916015625
0.10996532440185547
0.11019754409790039
0.10987734794616699
0.11009454727172852
0.10992169380187988
0.10979366302490234
0.11006450653076172
0.11019325256347656
0.11009383201599121
0.1100003719329834
0.11011219024658203
0.11021113395690918
0.11067390441894531
0.10980606079101562
0.11015558242797852
0.1107790470123291
0.11010098457336426
0.11010551452636719
0.11020636558532715
0.11048412322998047
0.11009597778320312
0.11065101623535156
0.11014771461486816
0.11017227172851562
0.1101231575012207
0.10982918739318848
0.10976791381835938
0.10983109474182129
0.10987401008605957
0.11085009574890137
0.11014652252197266
0.10992908477783203
0.10992240905761719
0.11016345024108887
0.10998773574829102
0.11006736755371094
0.10980010032653809
0.10985469818115234
0.10992980003356934
0.10962438583374023
0.11003494262695312
0.11019635200500488
0.10982441902160645
0.11026954650878906
0.10992884635925293
0.11095881462097168
0.11064457893371582
0.10996818542480469
0.10999870300292969
0.10999751091003418
0.1097412109375
0.1100924015045166
0.10997533798217773
0.10969662666320801
0.11018705368041992
0.10974311828613281
0.10982537269592285
0.11008167266845703
0.11072969436645508
0.11036968231201172
0.1097710132598877
0.10986542701721191
0.11019754409790039
0.1097574234008789
0.10994338989257812
0.11029481887817383
0.11022114753723145
0.10992622375488281
0.1100919246673584
0.11071252822875977
0.11047983169555664
0.11012434959411621
0.10984396934509277
0.11011266708374023
0.10987710952758789
0.10972023010253906
0.11000871658325195
0.11030411720275879
0.11015653610229492
0.1096806526184082
0.11004447937011719
0.1099545955657959
0.11048340797424316
0.11013555526733398
0.10978102684020996
0.10972046852111816
0.10988044738769531
0.11002826690673828
0.11002302169799805
0.11082720756530762
0.11014318466186523
0.11093831062316895
0.11053133010864258
0.10976076126098633
0.10980224609375
0.10981440544128418
0.11037397384643555
0.11021900177001953
0.11027956008911133
0.1100304126739502
0.10984110832214355
0.10991048812866211
0.11055183410644531
0.10984516143798828
0.11031794548034668
0.10990715026855469
0.11032223701477051
0.11011028289794922
0.11014914512634277
0.1097097396850586
0.11013412475585938
0.11014437675476074
0.11007523536682129
0.11061596870422363
0.1101527214050293
0.11017417907714844
0.1103053092956543
0.11024022102355957
0.10998797416687012
0.10989713668823242
0.10973668098449707
0.11087489128112793
0.11002659797668457
0.10994195938110352
0.11011862754821777
0.10987257957458496
0.10997414588928223
0.10970115661621094
0.10993051528930664
0.11000394821166992
0.11024832725524902
0.11017918586730957
0.11012148857116699
0.10987615585327148
0.10987472534179688
0.10998034477233887
0.10983777046203613
0.10982847213745117
0.10976219177246094
0.10990500450134277
0.1103825569152832
0.10982275009155273
0.10965561866760254
0.10978078842163086
0.11057043075561523
0.11018991470336914
0.11064267158508301
0.10981535911560059
0.110687255859375
0.10966849327087402
0.10956668853759766
0.10985851287841797
0.10965728759765625
0.10969042778015137
0.1100165843963623
0.10955286026000977
0.11001300811767578
0.10986614227294922
0.10957813262939453
0.11122012138366699
0.11040997505187988
0.11028409004211426
0.11019301414489746
0.10997462272644043
0.10990643501281738
0.11009812355041504
0.1098783016204834
0.11059093475341797
0.110137939453125
0.11043667793273926
0.1098785400390625
0.1106572151184082
0.11031985282897949
0.10999202728271484
0.1099708080291748
0.11040592193603516
0.11085033416748047
0.1099085807800293
0.1099998950958252
0.10998678207397461
0.10986566543579102
0.11015701293945312
0.11054182052612305
0.10983705520629883
0.1100003719329834
0.10991644859313965
0.11089086532592773
0.10984969139099121
0.10984635353088379
0.10985541343688965
0.11057543754577637
0.1097571849822998
0.10991239547729492
0.10980343818664551
0.10980939865112305
0.10985946655273438
0.1097409725189209
0.1096501350402832
0.10977888107299805
0.10964298248291016
0.11007094383239746
0.10991811752319336
0.10995745658874512
0.10953164100646973
0.10962891578674316
0.11073517799377441
0.10993289947509766
0.10997867584228516
0.10992097854614258
0.10991239547729492
0.10996413230895996
0.10997819900512695
0.10997653007507324
0.10983920097351074
0.11400818824768066
0.10988593101501465
0.11110424995422363
0.11019444465637207
0.11026144027709961
0.11053609848022461
0.10978126525878906
0.1098482608795166
0.110321044921875
0.10987210273742676
0.1101369857788086
0.10974550247192383
0.11006021499633789
0.10990667343139648
0.11005759239196777
0.10973477363586426
0.10956168174743652
0.10973811149597168
0.10982298851013184
0.10963296890258789
0.11072802543640137
0.10974359512329102
0.11077189445495605
0.10976886749267578
0.11047196388244629
0.10972237586975098
0.10985445976257324
0.10989069938659668
0.1099395751953125
0.10975480079650879
0.10989880561828613
0.10976147651672363
0.11085319519042969
0.11040163040161133
0.10994887351989746
0.10989975929260254
0.10974454879760742
0.10985517501831055
0.10989594459533691
0.10982847213745117
0.10982441902160645
0.11014270782470703
0.10988235473632812
0.11052846908569336
0.11037898063659668
0.11028909683227539
0.11017489433288574
0.1101839542388916
0.10996580123901367
0.1097402572631836
0.11084580421447754
0.11052489280700684
0.10966873168945312
0.10979938507080078
0.11040163040161133
0.11028504371643066
0.11069846153259277
0.11069774627685547
0.11039185523986816
0.10971665382385254
0.11011958122253418
0.11052823066711426
0.10990023612976074
0.11056351661682129
0.10980749130249023
0.10997414588928223
0.11000943183898926
0.10981440544128418
0.10975503921508789
0.10985612869262695
0.1098623275756836
0.10980701446533203
0.10994458198547363
0.11027145385742188
0.11015057563781738
0.11026501655578613
0.11030220985412598
0.10979533195495605
0.11016631126403809
0.11047887802124023
0.10980105400085449
0.11051082611083984
0.10976481437683105
0.11042499542236328
0.10984468460083008
0.11095070838928223
0.11037158966064453
0.11011147499084473
0.10994768142700195
0.10980820655822754
0.10977554321289062
0.11016845703125
0.10970211029052734
0.10983514785766602
0.1097269058227539
0.10976719856262207
0.10990738868713379
0.1099393367767334
0.11004114151000977
0.10988283157348633
0.10992574691772461
0.10983610153198242
0.10995292663574219
0.11003398895263672
0.11008095741271973
0.11084651947021484
0.1097707748413086
0.11056089401245117
0.1102437973022461
0.11015081405639648
0.11009979248046875
0.10999655723571777
0.10992670059204102
0.10978388786315918
