0.3015291690826416
0.035040855407714844
0.04034852981567383
0.03653407096862793
0.03179502487182617
0.0374448299407959
0.03244137763977051
0.04327821731567383
0.03820157051086426
0.030058622360229492
0.0308835506439209
0.030444860458374023
0.029526710510253906
0.03099346160888672
0.030223846435546875
0.03728985786437988
0.029145479202270508
0.037233591079711914
0.03623771667480469
0.03977537155151367
0.03750491142272949
0.036751508712768555
0.037384986877441406
0.04207277297973633
0.03626871109008789
0.03568124771118164
0.036478519439697266
0.03203463554382324
0.030600786209106445
0.03458285331726074
0.034873008728027344
0.03125500679016113
0.03411269187927246
0.04198026657104492
0.03526163101196289
0.035433292388916016
0.03521466255187988
0.02467036247253418
0.03533744812011719
0.03442811965942383
0.03695368766784668
0.02985095977783203
0.027144908905029297
0.02474355697631836
0.02544093132019043
0.024638652801513672
0.025515079498291016
0.024901628494262695
0.024679899215698242
0.02520465850830078
0.025677204132080078
0.024658918380737305
0.025275707244873047
0.02471613883972168
0.02615666389465332
0.025387048721313477
0.02547454833984375
0.026058197021484375
0.02480149269104004
0.024785518646240234
0.025002002716064453
0.025460243225097656
0.025597095489501953
0.024722814559936523
0.024901866912841797
0.02488994598388672
0.02505016326904297
0.024643659591674805
0.024630308151245117
0.02621769905090332
0.025629520416259766
0.02573871612548828
0.024541139602661133
0.02509593963623047
0.024628162384033203
0.025714397430419922
0.024385690689086914
0.02527332305908203
0.02597641944885254
0.025502443313598633
0.024832963943481445
0.025469541549682617
0.024642467498779297
0.02567005157470703
0.024767398834228516
0.02578282356262207
0.02489638328552246
0.02448248863220215
0.02642679214477539
0.02501654624938965
0.02617359161376953
0.024916887283325195
0.025400400161743164
0.02611708641052246
0.026116132736206055
0.02571415901184082
0.02489638328552246
0.024787187576293945
0.0253751277923584
0.02472400665283203
0.025559186935424805
0.025431394577026367
0.024927616119384766
0.02509784698486328
0.02516007423400879
0.02468252182006836
0.024888992309570312
0.024895191192626953
0.026093721389770508
0.024666547775268555
0.025247812271118164
0.02616572380065918
0.02444291114807129
0.024530887603759766
0.02547001838684082
0.024895191192626953
0.025312185287475586
0.02450704574584961
0.02542281150817871
0.025304317474365234
0.024439096450805664
0.02506875991821289
0.02476215362548828
0.024820566177368164
0.02472543716430664
0.024876117706298828
0.025259733200073242
0.02557826042175293
0.02467179298400879
0.024803876876831055
0.024556398391723633
0.025553226470947266
0.024707555770874023
0.02550792694091797
0.025341033935546875
0.02580738067626953
0.025299072265625
0.02490234375
0.026212215423583984
0.026350975036621094
0.024892091751098633
0.025029659271240234
0.025295495986938477
0.024759531021118164
0.025928735733032227
0.024806976318359375
0.02502298355102539
0.02482461929321289
0.025513887405395508
0.028678417205810547
0.02477717399597168
0.0250093936920166
0.02568197250366211
0.0244448184967041
0.025202274322509766
0.02563786506652832
0.02518153190612793
0.02570199966430664
0.02546238899230957
0.024407148361206055
0.024463891983032227
0.024547576904296875
0.024602890014648438
0.024666547775268555
0.024446964263916016
0.024473905563354492
0.02508234977722168
0.02490830421447754
0.02562117576599121
0.02614593505859375
0.025577783584594727
0.025445938110351562
0.026279926300048828
0.024441957473754883
0.02497386932373047
0.024527788162231445
0.024808645248413086
0.024891376495361328
0.025565385818481445
0.026029109954833984
0.024454832077026367
0.025875568389892578
0.024888277053833008
0.025120973587036133
0.02571892738342285
0.02433156967163086
0.024440765380859375
0.024911880493164062
0.024653196334838867
0.02522563934326172
0.02613091468811035
0.024656295776367188
0.026134252548217773
0.024461984634399414
0.026110410690307617
0.026098251342773438
0.0249936580657959
0.03581118583679199
0.03384566307067871
0.040453433990478516
0.03849482536315918
0.03429412841796875
0.03611922264099121
0.034932613372802734
0.02535700798034668
0.024835586547851562
0.024603843688964844
0.025254011154174805
0.02546977996826172
0.024834394454956055
0.024721384048461914
0.02503204345703125
0.02583932876586914
0.025166988372802734
0.026191234588623047
0.02462172508239746
0.025177717208862305
0.025559663772583008
0.024586915969848633
0.025511741638183594
0.02561640739440918
0.025409460067749023
0.024673938751220703
0.02527928352355957
0.02460646629333496
0.024727582931518555
0.02467966079711914
0.02607274055480957
0.026171207427978516
0.025429248809814453
0.025316476821899414
0.02524566650390625
0.02539968490600586
0.024732112884521484
0.025237083435058594
0.025849580764770508
0.025567054748535156
0.024741411209106445
0.024649858474731445
0.026090145111083984
0.025552749633789062
0.024758338928222656
0.02553081512451172
0.024682044982910156
0.025643587112426758
0.025181293487548828
0.025133371353149414
0.026149511337280273
0.024802684783935547
0.026089906692504883
0.025259733200073242
0.02616286277770996
0.025257587432861328
0.024707555770874023
0.02458643913269043
0.02448892593383789
0.024637222290039062
0.025790691375732422
0.024790287017822266
0.024495363235473633
0.024625301361083984
0.025035381317138672
0.025204181671142578
0.025708675384521484
0.024343490600585938
0.025516986846923828
0.024529218673706055
0.02527594566345215
0.026316404342651367
0.025016307830810547
0.02507185935974121
0.02461981773376465
0.024591922760009766
0.025696277618408203
0.025884389877319336
0.024842023849487305
0.025631427764892578
0.02483987808227539
0.02536606788635254
0.02481389045715332
0.02460956573486328
0.0262148380279541
0.025059938430786133
0.024994850158691406
0.024740934371948242
0.024460792541503906
0.02493762969970703
0.024783611297607422
0.025000333786010742
0.024660825729370117
0.025098800659179688
0.02457594871520996
0.024869441986083984
0.02549910545349121
0.024614572525024414
0.02551865577697754
0.02559041976928711
0.024606704711914062
0.025099515914916992
0.024594783782958984
0.026173830032348633
0.024860382080078125
0.025388479232788086
0.024784088134765625
0.025559425354003906
0.025875091552734375
0.024614572525024414
0.026120901107788086
0.024953603744506836
0.024662017822265625
0.024920225143432617
0.026208162307739258
0.024622201919555664
0.025133132934570312
0.025687694549560547
0.025179386138916016
0.024625301361083984
0.02543950080871582
0.025995731353759766
0.024985551834106445
0.02534008026123047
0.024476051330566406
0.024847030639648438
0.02551436424255371
0.02573108673095703
0.024960994720458984
0.02619647979736328
0.024538516998291016
0.026277780532836914
0.024781465530395508
0.026055335998535156
0.02462482452392578
0.0246126651763916
0.02616262435913086
0.02454686164855957
0.02486395835876465
0.02592921257019043
0.026209115982055664
0.025059938430786133
0.026282548904418945
0.02461981773376465
0.025725603103637695
0.025773286819458008
0.0274507999420166
0.026046037673950195
0.02465677261352539
0.024774789810180664
0.02624678611755371
0.02601933479309082
0.02461528778076172
0.024573564529418945
0.024963855743408203
0.025603055953979492
0.02573990821838379
0.024989604949951172
0.025343894958496094
0.030694007873535156
0.03438591957092285
0.025482177734375
0.03484058380126953
0.024753093719482422
0.02575373649597168
0.027276992797851562
0.03354144096374512
0.03396773338317871
0.036011457443237305
0.03660106658935547
0.04176831245422363
0.03574538230895996
0.03484916687011719
0.03519415855407715
0.03489184379577637
0.03493070602416992
0.034653663635253906
0.03562808036804199
0.03457975387573242
0.03601717948913574
0.035125732421875
0.036341190338134766
0.036240339279174805
0.035494327545166016
0.034609317779541016
0.03512144088745117
0.0373377799987793
0.035153865814208984
0.035277366638183594
0.040190935134887695
0.034897565841674805
0.03545951843261719
0.035186767578125
0.03675508499145508
0.03467750549316406
0.03489375114440918
0.03512907028198242
0.03504681587219238
0.038396358489990234
0.03898024559020996
0.036650896072387695
0.03582453727722168
0.03669261932373047
0.03525876998901367
0.04221940040588379
0.03806948661804199
0.034970760345458984
0.03504204750061035
0.034647464752197266
0.04063773155212402
0.034787893295288086
0.025510549545288086
0.03475832939147949
0.02471446990966797
0.025522232055664062
0.025317907333374023
0.035592079162597656
0.03428769111633301
0.025475263595581055
0.02495265007019043
0.03520560264587402
0.03387451171875
0.02479076385498047
0.025582075119018555
0.040808677673339844
0.039759159088134766
0.04300880432128906
0.03827404975891113
0.03481459617614746
0.0349726676940918
0.025393962860107422
0.03551340103149414
0.03514909744262695
0.036767005920410156
0.03681373596191406
0.03990316390991211
0.03560161590576172
0.03564882278442383
0.03819417953491211
0.03646278381347656
0.035877227783203125
0.036054134368896484
0.0354304313659668
0.040013790130615234
0.03473353385925293
0.03602290153503418
0.04025673866271973
0.03470730781555176
0.03621268272399902
0.035808563232421875
0.03691267967224121
0.03854632377624512
0.04113364219665527
0.0352625846862793
0.03589153289794922
0.03877449035644531
0.041439056396484375
0.034786224365234375
0.03771209716796875
0.03800153732299805
0.03744339942932129
0.034830331802368164
0.035973310470581055
0.04378461837768555
0.03535819053649902
0.03615164756774902
0.03615260124206543
0.03521156311035156
0.03659391403198242
0.03613138198852539
0.0347745418548584
0.03486227989196777
0.03550291061401367
0.03946518898010254
0.034284114837646484
0.03907585144042969
0.034481048583984375
0.03741025924682617
0.03602170944213867
0.0385591983795166
0.041216373443603516
0.03533530235290527
0.03600931167602539
0.03452277183532715
0.040899038314819336
0.0342714786529541
0.0353846549987793
0.03656888008117676
0.03554105758666992
0.035211801528930664
0.03514838218688965
0.03505444526672363
0.03559374809265137
0.036559104919433594
0.039209842681884766
0.035903215408325195
0.034310102462768555
0.03691697120666504
0.03715038299560547
0.03472137451171875
0.034746408462524414
0.03712749481201172
0.03624224662780762
0.0350801944732666
0.03641176223754883
0.03842425346374512
0.035286903381347656
0.03529787063598633
0.03590965270996094
0.03487992286682129
0.039936065673828125
0.03710126876831055
0.03742027282714844
0.03564262390136719
0.034894466400146484
0.03553128242492676
0.03595256805419922
0.03823494911193848
0.037084341049194336
0.03535580635070801
0.03706812858581543
0.036208152770996094
0.04254555702209473
0.03760695457458496
0.03745770454406738
0.03646707534790039
0.03155231475830078
0.027372121810913086
0.02605605125427246
0.03472614288330078
0.02544569969177246
0.0253450870513916
0.03533506393432617
0.03818774223327637
0.02870011329650879
0.025963306427001953
0.025098085403442383
0.025789499282836914
0.025373220443725586
0.026265621185302734
0.02630448341369629
0.024992942810058594
0.024968862533569336
0.024760723114013672
0.02562403678894043
0.024710655212402344
0.0252535343170166
0.02533411979675293
0.02584385871887207
0.024674177169799805
0.0252382755279541
0.0262298583984375
0.024961471557617188
0.02498149871826172
0.02534651756286621
0.02522444725036621
0.026071786880493164
0.02463555335998535
0.025203704833984375
0.026108980178833008
0.02703857421875
0.025031566619873047
0.024732589721679688
0.024695396423339844
0.025179386138916016
0.02558445930480957
0.024687767028808594
0.024762868881225586
0.025130271911621094
0.025786161422729492
0.024936437606811523
0.025612354278564453
0.024836301803588867
0.02490997314453125
0.025648832321166992
0.025455474853515625
0.024794578552246094
0.02476334571838379
0.025059223175048828
0.02537369728088379
0.026293039321899414
0.025359392166137695
0.024837493896484375
0.02540302276611328
0.026053190231323242
0.025177955627441406
0.02499103546142578
0.026322603225708008
0.025263547897338867
0.025456905364990234
0.024988651275634766
0.02573084831237793
0.026209115982055664
0.025423765182495117
0.02467942237854004
0.024944782257080078
0.024976730346679688
0.024702787399291992
0.025290727615356445
0.02586054801940918
0.02545785903930664
0.024999618530273438
0.024675846099853516
0.025103330612182617
0.025777816772460938
0.026117324829101562
0.026174068450927734
0.025240182876586914
0.024809837341308594
0.024925708770751953
0.02541661262512207
0.02510547637939453
0.02634596824645996
0.02487778663635254
0.026026248931884766
0.02675461769104004
0.02586984634399414
0.02529454231262207
0.024830102920532227
0.025402069091796875
0.0262758731842041
0.025988101959228516
0.024760723114013672
0.025058269500732422
0.026285886764526367
0.02486395835876465
0.025961637496948242
0.0248260498046875
0.02481555938720703
0.024657011032104492
0.025383710861206055
0.02499079704284668
0.02486109733581543
0.024793148040771484
0.02480626106262207
0.025349855422973633
0.025322914123535156
0.025570392608642578
0.025566816329956055
0.02596306800842285
0.025515079498291016
0.02481985092163086
0.024674177169799805
0.024860382080078125
0.025286197662353516
0.026328086853027344
0.024861574172973633
0.026312589645385742
0.024932146072387695
0.02548956871032715
0.025048017501831055
0.024956703186035156
0.024922847747802734
0.02550792694091797
0.025000333786010742
0.024775266647338867
0.02491617202758789
0.02500748634338379
0.0263516902923584
0.025037765502929688
0.02514958381652832
0.026050806045532227
0.025376558303833008
0.025297880172729492
0.02552652359008789
0.026233434677124023
0.025351285934448242
0.024778366088867188
0.02568674087524414
0.026306629180908203
0.024637222290039062
0.02506399154663086
0.02507948875427246
0.02518630027770996
0.025887012481689453
0.02544856071472168
0.02629828453063965
0.025716781616210938
0.02509760856628418
0.02559947967529297
0.02462291717529297
0.025117874145507812
0.024861812591552734
0.025131940841674805
0.02484440803527832
0.02559638023376465
0.026050567626953125
0.026282310485839844
0.026294946670532227
0.024749279022216797
0.026675939559936523
0.025469064712524414
0.026264429092407227
0.02492833137512207
0.027506589889526367
0.025180816650390625
0.03928661346435547
0.0323939323425293
0.02621603012084961
0.03519320487976074
0.03646397590637207
0.036051034927368164
0.036728858947753906
0.035349369049072266
0.03599858283996582
0.035691022872924805
0.03612804412841797
0.03551650047302246
0.038582563400268555
0.03547263145446777
0.040192365646362305
0.03533744812011719
0.03562045097351074
0.03569507598876953
0.03490042686462402
0.03467059135437012
0.03659486770629883
0.0383296012878418
0.03823542594909668
0.03502154350280762
0.03561711311340332
0.03633689880371094
0.037326812744140625
0.03733563423156738
0.03496551513671875
0.035073041915893555
0.035501718521118164
0.03834414482116699
0.03597235679626465
0.03759884834289551
0.024769306182861328
0.025751113891601562
0.03601813316345215
0.03609275817871094
0.04221796989440918
0.03741049766540527
0.03556418418884277
0.03589224815368652
0.036725759506225586
0.036513328552246094
0.04132509231567383
0.03566479682922363
0.03547549247741699
0.03798818588256836
0.024858474731445312
0.034171104431152344
0.03974580764770508
0.025012969970703125
0.035970211029052734
0.0423891544342041
0.040671586990356445
0.03692626953125
0.03680539131164551
0.03630995750427246
0.03500556945800781
0.03493642807006836
0.03728199005126953
0.03472185134887695
0.025629043579101562
0.03620409965515137
0.0399928092956543
0.04238176345825195
0.03259015083312988
0.025437355041503906
0.024646997451782227
0.025249004364013672
0.024793624877929688
0.027578353881835938
0.024639129638671875
0.03444027900695801
0.0252230167388916
0.02872633934020996
0.024341821670532227
0.02478194236755371
0.024738788604736328
0.03013777732849121
0.04262733459472656
0.03683757781982422
0.024610042572021484
0.03039073944091797
0.024656295776367188
0.02963089942932129
0.042304039001464844
0.029698610305786133
0.03270721435546875
0.025779247283935547
0.028946876525878906
0.02530527114868164
0.02567458152770996
0.02709174156188965
0.025830507278442383
0.024871826171875
0.02575850486755371
0.025084495544433594
0.04185295104980469
0.02572941780090332
0.02451610565185547
0.02499985694885254
0.02620244026184082
0.024593830108642578
0.024460315704345703
0.03487062454223633
0.03721904754638672
0.03425407409667969
0.035193443298339844
0.024582862854003906
0.025985002517700195
0.024792194366455078
0.025255918502807617
0.024695873260498047
0.025410890579223633
0.024618864059448242
0.025258779525756836
0.025308609008789062
0.025723934173583984
0.026404142379760742
0.024609088897705078
0.025820255279541016
0.024671316146850586
0.024956464767456055
0.02472400665283203
0.02527141571044922
0.02472996711730957
0.026212215423583984
0.026241302490234375
0.02461862564086914
0.024736642837524414
0.024655580520629883
0.025373220443725586
0.02462172508239746
0.025064706802368164
0.02591848373413086
0.024968862533569336
0.024490833282470703
0.025985240936279297
0.024516820907592773
0.024824857711791992
0.025425434112548828
0.02501225471496582
0.026192665100097656
0.025073528289794922
0.0257875919342041
0.025089740753173828
0.024865150451660156
0.025451183319091797
0.026165246963500977
0.025158405303955078
0.024537086486816406
0.024570465087890625
0.02445387840270996
0.024574756622314453
0.024831771850585938
0.025277376174926758
0.0246734619140625
0.02562713623046875
0.025846004486083984
0.02448439598083496
0.025612592697143555
0.02468276023864746
0.02467966079711914
0.02615523338317871
0.02464151382446289
0.024656295776367188
0.024704456329345703
0.02464151382446289
0.025386571884155273
0.02467799186706543
0.025086641311645508
0.02503681182861328
0.024488449096679688
0.025551557540893555
0.025460243225097656
0.024829626083374023
0.025320053100585938
0.02526402473449707
0.02527618408203125
0.026281356811523438
0.0245668888092041
0.02489447593688965
0.025205373764038086
0.024554014205932617
0.025680065155029297
0.024643421173095703
0.025205612182617188
0.025415658950805664
0.024773359298706055
0.02578568458557129
0.025968551635742188
0.024831533432006836
0.02468085289001465
0.02495884895324707
0.0251619815826416
0.025806903839111328
0.02613353729248047
0.02530837059020996
0.024738073348999023
0.026319265365600586
0.025017976760864258
0.02475881576538086
0.025494813919067383
0.0251009464263916
0.02443385124206543
0.026307344436645508
0.02501535415649414
0.024767398834228516
0.02486252784729004
0.024670124053955078
0.026626110076904297
0.025977373123168945
0.02469348907470703
0.024776220321655273
0.025659561157226562
0.025513410568237305
0.024828672409057617
0.024886131286621094
0.024906396865844727
0.02528834342956543
0.025524377822875977
0.025012969970703125
0.025210142135620117
0.02543807029724121
0.02527022361755371
0.026161670684814453
0.026338815689086914
0.025283098220825195
0.02630758285522461
0.025030136108398438
0.024562835693359375
0.026346921920776367
0.025477170944213867
0.025490760803222656
0.026457786560058594
0.025527477264404297
0.025255680084228516
0.025309324264526367
0.025311946868896484
0.026189804077148438
0.02542567253112793
0.02472233772277832
0.025562763214111328
0.024632692337036133
0.0260927677154541
0.025420665740966797
0.025327444076538086
0.02593374252319336
0.024674415588378906
0.024559974670410156
0.02515101432800293
0.024889707565307617
0.02514815330505371
0.024719953536987305
0.027031660079956055
0.024660587310791016
0.02526545524597168
0.025475502014160156
0.02485203742980957
0.025292396545410156
0.0252530574798584
0.025637388229370117
0.02483224868774414
0.026505470275878906
0.0254366397857666
0.025557279586791992
0.026202917098999023
0.024937152862548828
0.024598121643066406
0.02646160125732422
0.025418996810913086
0.024814844131469727
0.02475571632385254
0.02472686767578125
0.02562260627746582
0.02515721321105957
0.02605605125427246
0.02468729019165039
0.025102615356445312
0.024488449096679688
0.02618098258972168
0.02453303337097168
0.025502681732177734
0.02621293067932129
0.02553534507751465
0.024903297424316406
0.02472972869873047
0.024626731872558594
0.025676965713500977
0.025341272354125977
0.026086807250976562
0.02559828758239746
0.024913311004638672
0.02619767189025879
0.025300264358520508
0.025099992752075195
0.025546789169311523
0.026142597198486328
0.024699687957763672
0.024816036224365234
0.024812698364257812
0.025728464126586914
0.02619481086730957
0.024684667587280273
0.026108264923095703
0.025146484375
0.02486872673034668
0.024781465530395508
0.0246124267578125
0.024437427520751953
0.02467060089111328
0.024560928344726562
0.024762868881225586
0.025429964065551758
0.024585247039794922
0.02485346794128418
0.025015592575073242
0.024489641189575195
0.024647235870361328
0.025328397750854492
0.02549457550048828
0.024988889694213867
0.025361061096191406
0.025688886642456055
0.025225400924682617
0.02608203887939453
0.026235342025756836
0.02502155303955078
0.0244753360748291
0.0246121883392334
0.02465224266052246
0.025136470794677734
0.025575876235961914
0.02538275718688965
0.025788307189941406
0.02554011344909668
0.026240110397338867
0.02449822425842285
0.026221275329589844
0.024702072143554688
0.025362491607666016
0.024771451950073242
0.025674104690551758
0.02618098258972168
0.025347232818603516
0.0247955322265625
0.024781227111816406
0.024416685104370117
0.026176929473876953
0.025293350219726562
0.02496957778930664
0.025073766708374023
0.024659156799316406
0.02544116973876953
0.025052309036254883
0.025703907012939453
0.024570703506469727
0.02492976188659668
0.025203466415405273
0.024482250213623047
0.02470254898071289
0.026118993759155273
0.02531266212463379
0.02482128143310547
0.02460932731628418
0.024933338165283203
0.025101184844970703
0.02567148208618164
0.024599313735961914
0.024914264678955078
0.025052785873413086
0.025043487548828125
0.024418354034423828
0.024718284606933594
0.024634122848510742
0.02526712417602539
0.024708986282348633
0.02605891227722168
0.0246126651763916
0.025540590286254883
0.025538921356201172
0.02463531494140625
0.026190757751464844
0.025783061981201172
0.026214599609375
0.02582263946533203
0.02497267723083496
0.026181936264038086
0.025307893753051758
0.0345308780670166
0.03562498092651367
0.03436732292175293
0.034559011459350586
0.024495363235473633
0.03544259071350098
0.024938106536865234
0.03374528884887695
0.024812936782836914
0.02552628517150879
0.02502131462097168
0.02567148208618164
0.026331186294555664
0.03481030464172363
0.03717637062072754
0.03501248359680176
0.03652000427246094
0.036100149154663086
0.026482343673706055
0.025371789932250977
0.025682449340820312
0.025805950164794922
0.025635957717895508
0.025782108306884766
0.024843215942382812
0.026317834854125977
0.025740385055541992
0.02457118034362793
0.025006532669067383
0.02558445930480957
0.02468252182006836
0.025143146514892578
0.024767637252807617
0.024853944778442383
0.024955034255981445
0.02575397491455078
0.024980545043945312
0.025482177734375
0.025188684463500977
0.02513909339904785
0.024791479110717773
0.026706695556640625
0.03606128692626953
0.025568008422851562
0.035175323486328125
0.0350496768951416
0.037801265716552734
0.041046142578125
0.037281036376953125
0.04107069969177246
0.03713726997375488
0.034888267517089844
0.03511381149291992
0.03685450553894043
0.036131858825683594
0.03638434410095215
0.035104990005493164
0.03659534454345703
0.0363306999206543
0.03601503372192383
0.036285400390625
0.03467607498168945
0.036876678466796875
0.040575265884399414
0.03571486473083496
0.03542613983154297
0.03908538818359375
0.036507606506347656
0.04080700874328613
0.03789806365966797
0.03785991668701172
0.03535127639770508
0.03798484802246094
0.03887057304382324
0.03691411018371582
0.03602242469787598
0.036926984786987305
0.03705954551696777
0.03712129592895508
0.037154436111450195
0.03607964515686035
0.0372319221496582
0.03702712059020996
0.03684377670288086
0.03622245788574219
0.03476762771606445
0.037071943283081055
0.03697514533996582
0.03495907783508301
0.034523725509643555
0.03694653511047363
0.03566312789916992
0.029504060745239258
0.030064821243286133
0.029701709747314453
0.030574560165405273
0.03481268882751465
0.031180858612060547
0.030926227569580078
0.029918432235717773
0.03042459487915039
0.029359102249145508
0.03043985366821289
0.029334306716918945
0.0338897705078125
0.036544084548950195
0.031281471252441406
0.029413223266601562
0.030140161514282227
0.030943632125854492
0.02927088737487793
0.030173301696777344
0.02956247329711914
0.0299227237701416
0.030706405639648438
0.02989506721496582
0.0298006534576416
0.029757976531982422
0.03029465675354004
0.030066490173339844
0.029256582260131836
0.03050708770751953
0.029186010360717773
0.029448270797729492
0.029368162155151367
0.02983689308166504
0.029840707778930664
0.03000497817993164
0.03095078468322754
0.02971363067626953
0.0301358699798584
0.02967214584350586
0.03025960922241211
0.029415130615234375
0.029492855072021484
0.029564857482910156
0.030118703842163086
0.030933141708374023
0.03042125701904297
0.02952432632446289
0.029963016510009766
0.029645204544067383
0.030025243759155273
0.030347824096679688
0.02991771697998047
0.03026747703552246
0.029628276824951172
0.030966758728027344
0.029474258422851562
0.0294339656829834
0.029040098190307617
0.029576778411865234
0.029137849807739258
0.02984142303466797
0.02922201156616211
0.02959752082824707
0.030061006546020508
0.03010845184326172
0.02994561195373535
0.030366897583007812
0.029501676559448242
0.029934167861938477
0.029273271560668945
0.030545949935913086
0.0295867919921875
0.030326128005981445
0.029585838317871094
0.029347658157348633
0.029928207397460938
0.03030705451965332
0.029438018798828125
0.029639244079589844
0.029973745346069336
0.0305328369140625
0.030238866806030273
0.029583215713500977
0.030129194259643555
0.030933380126953125
0.029840469360351562
0.03105783462524414
0.030333280563354492
0.030148983001708984
0.029547452926635742
0.03099799156188965
0.030682086944580078
0.031054258346557617
0.030686378479003906
0.03111720085144043
0.030246496200561523
0.02956247329711914
0.03005671501159668
0.029659748077392578
0.030452966690063477
0.029587745666503906
0.029796600341796875
0.029941558837890625
0.03176450729370117
0.031041622161865234
0.029304981231689453
0.030962705612182617
0.030355453491210938
0.03091716766357422
0.02927088737487793
0.030150651931762695
0.029575109481811523
0.03127765655517578
0.037581443786621094
0.035004615783691406
0.035778045654296875
0.03666520118713379
0.035378456115722656
0.04353213310241699
0.03428077697753906
0.03399372100830078
0.02646470069885254
0.02476787567138672
0.024764537811279297
0.026251792907714844
0.025894880294799805
0.025484561920166016
0.0252993106842041
0.025457382202148438
0.02508401870727539
0.0253450870513916
0.024641752243041992
0.024645090103149414
0.025289535522460938
0.024667024612426758
0.02541184425354004
0.025297164916992188
0.034731388092041016
0.02520155906677246
0.024738788604736328
0.0251009464263916
0.026067733764648438
0.025470972061157227
0.026480913162231445
0.024785518646240234
0.02624225616455078
0.02468705177307129
0.025004863739013672
0.024676084518432617
0.02489757537841797
0.02653217315673828
0.024627208709716797
0.02489924430847168
0.02586531639099121
0.026256322860717773
0.025153398513793945
0.024675369262695312
0.02535533905029297
0.024845123291015625
0.02515697479248047
0.02480792999267578
0.02469801902770996
0.024903059005737305
0.024635791778564453
0.02519989013671875
0.02547144889831543
0.025536298751831055
0.0252685546875
0.024927377700805664
0.025101900100708008
0.02468395233154297
0.024891138076782227
0.02474808692932129
0.026340484619140625
0.026157379150390625
0.025329113006591797
0.025076866149902344
0.024726152420043945
0.025756120681762695
0.025810956954956055
0.02515864372253418
0.024884939193725586
0.033164262771606445
0.039951324462890625
0.03459525108337402
0.03781485557556152
0.03491687774658203
0.03744387626647949
0.035066843032836914
0.03682303428649902
0.03754711151123047
0.03793168067932129
0.03518795967102051
0.034694671630859375
0.03589129447937012
0.03536176681518555
0.0351104736328125
0.04003739356994629
0.03500032424926758
0.034354448318481445
0.03522157669067383
0.03496503829956055
0.03594326972961426
0.037657737731933594
0.036102294921875
0.03248167037963867
0.025578737258911133
0.03254842758178711
0.04377031326293945
0.035422563552856445
0.036164045333862305
0.03467130661010742
0.03581738471984863
0.036139488220214844
0.036658525466918945
0.0388638973236084
0.035228729248046875
0.03988480567932129
0.03482794761657715
0.035273075103759766
0.042575836181640625
0.03500485420227051
0.03659391403198242
0.034630537033081055
0.04322457313537598
0.03672337532043457
0.03652667999267578
0.038311004638671875
0.036063432693481445
0.035692453384399414
0.03659963607788086
0.0362703800201416
0.037194252014160156
0.03580522537231445
0.035988807678222656
0.03545832633972168
0.03480124473571777
0.03484320640563965
0.03451895713806152
0.0387270450592041
0.038437843322753906
0.03513526916503906
0.03441214561462402
0.04344367980957031
0.03445839881896973
0.041707515716552734
0.03513336181640625
0.03679919242858887
0.03557014465332031
0.03666043281555176
0.038269758224487305
0.03506660461425781
0.03490114212036133
0.03532147407531738
0.03606986999511719
0.03795909881591797
0.036023855209350586
0.03597211837768555
0.035805702209472656
0.03588581085205078
0.03715205192565918
0.03492927551269531
0.036820173263549805
0.036486148834228516
0.03698468208312988
0.03466153144836426
0.03568553924560547
0.0347437858581543
0.037247419357299805
0.03683900833129883
0.03485369682312012
0.036596059799194336
0.03760790824890137
0.035424232482910156
0.034996747970581055
0.03620195388793945
0.036782026290893555
0.036928415298461914
0.03713226318359375
0.03455305099487305
0.03734707832336426
0.036306142807006836
0.0365290641784668
0.03497910499572754
0.036599159240722656
0.034525156021118164
0.038980722427368164
0.03577399253845215
0.035681724548339844
0.038814544677734375
0.0424494743347168
0.03565263748168945
0.03748726844787598
0.03553652763366699
0.03523588180541992
0.03578925132751465
0.04020047187805176
0.03622555732727051
0.03688955307006836
0.03597855567932129
0.03530001640319824
0.03451943397521973
0.03721761703491211
0.03729248046875
0.035199642181396484
0.03934144973754883
0.03488039970397949
0.03483724594116211
0.03565025329589844
0.034954071044921875
0.03528141975402832
0.034795522689819336
0.03483724594116211
0.03607821464538574
0.03469491004943848
0.03560209274291992
0.03693222999572754
0.039258480072021484
0.03501319885253906
0.041491031646728516
0.03465676307678223
0.03580784797668457
0.034750938415527344
0.04150819778442383
0.036164283752441406
0.03514885902404785
0.0368037223815918
0.03462481498718262
0.036420583724975586
0.036518096923828125
0.03559160232543945
0.035410404205322266
0.03610730171203613
0.042616844177246094
0.03547167778015137
0.035302162170410156
0.03821158409118652
0.03550553321838379
0.035718679428100586
0.03463482856750488
0.03483891487121582
0.035012245178222656
0.04068899154663086
0.03606534004211426
0.03680849075317383
0.034882545471191406
0.03485512733459473
0.04239034652709961
0.034975290298461914
0.03753662109375
0.03549933433532715
0.03574180603027344
0.03520822525024414
0.03545427322387695
0.035779476165771484
0.034859657287597656
0.036365509033203125
0.04036998748779297
0.0348658561706543
0.035077571868896484
0.042488813400268555
0.036829471588134766
0.035852670669555664
0.03486227989196777
0.03543257713317871
0.03469514846801758
0.037400245666503906
0.03613543510437012
0.034873008728027344
0.036383867263793945
0.03492903709411621
0.03498697280883789
0.03682351112365723
0.03788256645202637
0.03474545478820801
0.035574913024902344
0.03802180290222168
0.035561323165893555
0.036502838134765625
0.03690481185913086
0.03544282913208008
0.03500819206237793
0.03499865531921387
0.03701043128967285
0.03568553924560547
0.03908991813659668
0.039765119552612305
0.035599470138549805
0.035959482192993164
0.037329912185668945
0.03827953338623047
0.03798842430114746
0.03609013557434082
0.03548789024353027
0.0378575325012207
0.037286996841430664
0.03445291519165039
0.039635658264160156
0.03539586067199707
0.03706479072570801
0.03531599044799805
0.03484535217285156
0.03911018371582031
0.03865313529968262
0.03814697265625
0.03407406806945801
0.03588104248046875
0.03633832931518555
0.034760475158691406
0.03459572792053223
0.03553342819213867
0.03551125526428223
0.034960031509399414
0.03642106056213379
0.03594088554382324
0.03911137580871582
0.03534841537475586
0.034680843353271484
0.03645634651184082
0.03723502159118652
0.03921651840209961
0.03507208824157715
0.03771209716796875
0.0363306999206543
0.03443622589111328
0.037497758865356445
0.03669404983520508
0.03535604476928711
0.034679412841796875
0.03534579277038574
0.035394906997680664
0.0375516414642334
0.03654336929321289
0.03497195243835449
0.03653693199157715
0.03544282913208008
0.03563547134399414
0.03818178176879883
0.03578305244445801
0.03526663780212402
0.041231393814086914
0.03765439987182617
0.0359649658203125
0.03513145446777344
0.03687095642089844
0.03717350959777832
0.037127017974853516
0.03549504280090332
0.038478851318359375
0.03507518768310547
0.0401151180267334
0.04272937774658203
0.03460860252380371
0.03519153594970703
0.039633750915527344
0.03555035591125488
0.0355534553527832
0.030623674392700195
0.029345273971557617
0.03345346450805664
0.03101944923400879
0.029803991317749023
0.029510498046875
0.029547691345214844
0.029462337493896484
0.029258012771606445
0.03018927574157715
0.029356002807617188
0.029372215270996094
0.030661344528198242
0.029628515243530273
0.030210494995117188
0.029808759689331055
0.030680179595947266
0.030382394790649414
0.029548168182373047
0.029917001724243164
0.029554128646850586
0.029782533645629883
0.030800580978393555
0.030028581619262695
0.029407262802124023
0.02958536148071289
0.029898881912231445
0.02947211265563965
0.03063058853149414
0.030970096588134766
0.03088235855102539
0.02990555763244629
0.029607057571411133
0.02933192253112793
0.030634641647338867
0.0305941104888916
0.03091883659362793
0.029726028442382812
0.02961254119873047
0.031026124954223633
0.02979302406311035
0.030472517013549805
0.030070066452026367
0.02989482879638672
0.029516935348510742
0.030084609985351562
0.02933049201965332
0.029948949813842773
0.029398202896118164
0.030016422271728516
0.030940532684326172
0.029726743698120117
0.030430316925048828
0.029662370681762695
0.031013011932373047
0.029352188110351562
0.03089594841003418
0.02953362464904785
0.030252456665039062
0.02940535545349121
0.029667377471923828
0.029308080673217773
0.030526161193847656
0.029456138610839844
0.03032064437866211
0.029999256134033203
0.030984163284301758
0.030926942825317383
0.030997276306152344
0.030873775482177734
0.030411243438720703
0.029302120208740234
0.030602693557739258
0.030544281005859375
0.030853271484375
0.029549360275268555
0.029711246490478516
0.02956366539001465
0.029436349868774414
0.030276775360107422
0.029557466506958008
0.03068399429321289
0.030298948287963867
0.030118465423583984
0.030092954635620117
0.030434608459472656
0.030217409133911133
0.02998518943786621
0.030942201614379883
0.0294034481048584
0.02956557273864746
0.029403209686279297
0.030716657638549805
0.030116558074951172
0.030676841735839844
0.03009486198425293
0.029387235641479492
0.02971649169921875
0.029697418212890625
0.029587268829345703
0.029635190963745117
0.030263423919677734
0.029494524002075195
0.02980661392211914
0.029408693313598633
0.029466867446899414
0.030697345733642578
0.030982017517089844
0.02989649772644043
0.030522584915161133
0.02936100959777832
0.02956676483154297
0.031115293502807617
0.03046131134033203
0.02970576286315918
0.029690265655517578
0.030449628829956055
0.030403614044189453
0.03137850761413574
0.03014349937438965
0.03018927574157715
0.029581785202026367
0.03098917007446289
0.029642343521118164
0.02931046485900879
0.02982306480407715
0.03095388412475586
0.02986907958984375
0.029881954193115234
0.02973198890686035
0.029616594314575195
0.0309298038482666
0.03046107292175293
0.03100752830505371
0.030967235565185547
0.029453039169311523
0.0305328369140625
0.030057430267333984
0.02979445457458496
0.02963876724243164
0.029867172241210938
0.02941131591796875
0.029567718505859375
0.03055262565612793
0.030721426010131836
0.03049612045288086
0.029654979705810547
0.0309598445892334
0.030419111251831055
0.03008437156677246
0.0295257568359375
0.031009674072265625
0.030225753784179688
0.02945852279663086
0.02955794334411621
0.02958393096923828
0.029578685760498047
0.02972888946533203
0.029424190521240234
0.029245853424072266
0.029244422912597656
0.029610395431518555
0.03125
0.03021979331970215
0.029443740844726562
0.02998828887939453
0.030266761779785156
0.03032708168029785
0.030292987823486328
0.03090691566467285
0.02973651885986328
0.029970169067382812
0.030160903930664062
0.030371665954589844
0.030310869216918945
0.029871702194213867
0.029728412628173828
0.029716968536376953
0.030239582061767578
0.030946016311645508
0.030815839767456055
0.030950546264648438
0.029708385467529297
0.029239892959594727
0.030322790145874023
0.030812501907348633
0.03062129020690918
0.029514312744140625
0.029685497283935547
0.029593229293823242
0.029755115509033203
0.029537439346313477
0.0312957763671875
0.030054569244384766
0.0295412540435791
0.030123233795166016
0.029310941696166992
0.029749393463134766
0.02953958511352539
0.029237747192382812
0.030935049057006836
0.029647350311279297
0.029248476028442383
0.03029608726501465
0.0299680233001709
0.02964639663696289
0.033660173416137695
0.030283689498901367
0.029946327209472656
0.03031444549560547
0.030851125717163086
0.03019261360168457
0.03058791160583496
0.02961277961730957
0.02983403205871582
0.0302889347076416
0.02946305274963379
0.02934741973876953
0.031021833419799805
0.030202388763427734
0.029731273651123047
0.03085947036743164
0.030279874801635742
0.030681371688842773
0.030988693237304688
0.029813528060913086
0.03026556968688965
0.029814720153808594
0.029732465744018555
0.02947258949279785
0.029552698135375977
0.030158519744873047
0.029929399490356445
0.030080795288085938
0.029449939727783203
0.029584884643554688
0.029422760009765625
0.03000807762145996
0.029703140258789062
0.031040668487548828
0.030413389205932617
0.029812335968017578
0.030520915985107422
0.02947711944580078
0.029870033264160156
0.02977299690246582
0.029833555221557617
0.02951526641845703
0.03025650978088379
0.029374122619628906
0.029622793197631836
0.030083894729614258
0.02956366539001465
0.031021595001220703
0.029885530471801758
0.02991342544555664
0.029523611068725586
0.029933452606201172
0.02960205078125
0.029885053634643555
0.02988123893737793
0.030884265899658203
0.03018474578857422
0.030924558639526367
0.029834508895874023
0.029902935028076172
0.030695676803588867
0.029850006103515625
0.029515743255615234
0.030702590942382812
0.031075000762939453
0.030501365661621094
0.03011775016784668
0.029479503631591797
0.031071186065673828
0.03045344352722168
0.0309755802154541
0.030349254608154297
0.02951359748840332
0.03030681610107422
0.03090500831604004
0.029850482940673828
0.030423641204833984
0.03018045425415039
0.03042745590209961
0.030912160873413086
0.03027820587158203
0.030719757080078125
0.029886245727539062
0.029330730438232422
0.029517412185668945
0.029407739639282227
0.030164480209350586
0.029619932174682617
0.031069040298461914
0.03011608123779297
0.029771804809570312
0.029657840728759766
0.02971506118774414
0.030965566635131836
0.029848814010620117
0.029631853103637695
0.031037569046020508
0.029469013214111328
0.030371665954589844
0.029651165008544922
0.030371904373168945
0.029536962509155273
0.02956986427307129
0.03068089485168457
0.02941298484802246
0.029987096786499023
0.029970645904541016
0.03013467788696289
0.030796051025390625
0.030121564865112305
0.029409170150756836
0.02994561195373535
0.02971673011779785
0.030236005783081055
0.029553890228271484
0.03072643280029297
0.030249834060668945
0.030427217483520508
0.02928471565246582
0.029648303985595703
0.029442310333251953
0.03021717071533203
0.030188560485839844
0.029768705368041992
0.031193017959594727
0.030009746551513672
0.029370784759521484
0.02984333038330078
0.030464887619018555
0.029412508010864258
0.029629230499267578
0.03036642074584961
0.03009629249572754
0.03026723861694336
0.029799222946166992
0.02953028678894043
0.03034520149230957
0.029825448989868164
0.030973434448242188
0.03055095672607422
0.029857635498046875
0.029417037963867188
0.029741287231445312
0.03023815155029297
0.029449462890625
0.030426502227783203
0.030295372009277344
0.0299379825592041
0.03097224235534668
0.02991795539855957
0.02951836585998535
0.0294187068939209
0.029662132263183594
0.030626296997070312
0.02990245819091797
0.029782533645629883
0.029691457748413086
0.029703378677368164
0.029989957809448242
0.030510902404785156
0.029924869537353516
0.030214548110961914
0.029552459716796875
0.0294644832611084
0.029851675033569336
0.030785799026489258
0.03672313690185547
0.0382688045501709
0.03629469871520996
0.03630518913269043
0.0275266170501709
0.026635408401489258
0.027059555053710938
0.03582286834716797
0.037125587463378906
0.03517866134643555
0.03469419479370117
0.03502535820007324
0.03781318664550781
0.028893709182739258
0.03461408615112305
0.03600740432739258
0.03653120994567871
0.035654544830322266
0.03608512878417969
0.03594064712524414
0.037397146224975586
0.03637242317199707
0.037052154541015625
0.035768985748291016
0.03596687316894531
0.02597522735595703
0.03546142578125
0.036470890045166016
0.03517627716064453
0.034372806549072266
0.03721499443054199
0.03559422492980957
0.03553485870361328
0.0354921817779541
0.0357508659362793
0.0344080924987793
0.035791873931884766
0.03642630577087402
0.035282135009765625
0.03252434730529785
0.03118610382080078
0.0350801944732666
0.0394437313079834
0.03515267372131348
0.03702569007873535
0.03581976890563965
0.03737354278564453
0.03520798683166504
0.03613114356994629
0.03605175018310547
0.03680419921875
0.03804135322570801
0.030094146728515625
0.034313201904296875
0.02966475486755371
0.031111955642700195
0.036664724349975586
0.034668684005737305
0.0316462516784668
0.03108382225036621
0.029579877853393555
0.02989339828491211
0.03660130500793457
0.03621172904968262
0.03448319435119629
0.029818058013916016
0.030679941177368164
0.029676198959350586
0.03050971031188965
0.029703617095947266
0.029555559158325195
0.030023574829101562
0.029854536056518555
0.030308008193969727
0.029539823532104492
0.030112266540527344
0.0298614501953125
0.029802560806274414
0.029864788055419922
0.029790163040161133
0.030396223068237305
0.030874013900756836
0.030066728591918945
0.029393911361694336
0.02973461151123047
0.03029918670654297
0.03063225746154785
0.03154945373535156
0.02951812744140625
0.029821395874023438
0.030228853225708008
0.0295865535736084
0.029926776885986328
0.030298709869384766
0.03089737892150879
0.029427051544189453
0.030997514724731445
0.0305635929107666
0.030150175094604492
0.030281543731689453
0.030039548873901367
0.03082752227783203
0.029693126678466797
0.02962779998779297
0.029625654220581055
0.029398441314697266
0.030096054077148438
0.03081202507019043
0.03109145164489746
0.029634952545166016
0.029852628707885742
0.030919313430786133
0.029880523681640625
0.029673337936401367
0.03049778938293457
0.029461383819580078
0.030513763427734375
0.029754638671875
0.030955791473388672
0.02965378761291504
0.029615163803100586
0.030291080474853516
0.029542207717895508
0.02943706512451172
0.029554128646850586
0.03006601333618164
0.03099846839904785
0.0297243595123291
0.030071496963500977
0.029822111129760742
0.03059101104736328
0.02997732162475586
0.030246496200561523
0.029474496841430664
0.030153989791870117
0.030864477157592773
0.03107619285583496
0.03033304214477539
0.030164241790771484
0.03014969825744629
0.030789852142333984
0.031157970428466797
0.029798030853271484
0.02943134307861328
0.029956579208374023
0.02937793731689453
0.030344724655151367
0.0304868221282959
0.029656171798706055
0.029740333557128906
0.030513286590576172
0.030556678771972656
0.02963876724243164
0.03028130531311035
0.029313325881958008
0.0428464412689209
0.035176753997802734
0.03833174705505371
0.03456306457519531
0.035813093185424805
0.036995887756347656
0.03879547119140625
0.035242319107055664
0.03591322898864746
0.03713560104370117
0.03907179832458496
0.03522777557373047
0.036179304122924805
0.03682231903076172
0.038642168045043945
0.0347137451171875
0.03640937805175781
0.03504157066345215
0.0372776985168457
0.03569769859313965
0.04200005531311035
0.036518096923828125
0.03550076484680176
0.03546857833862305
0.03564262390136719
0.02606034278869629
0.025046348571777344
0.028858184814453125
0.025780200958251953
0.02487659454345703
0.03472757339477539
0.041213035583496094
0.04301619529724121
0.036850929260253906
0.035561323165893555
0.03575706481933594
0.03550887107849121
0.03694295883178711
0.03550267219543457
0.03722262382507324
0.0349428653717041
0.03833603858947754
0.03808927536010742
0.03713798522949219
0.03547167778015137
0.035193681716918945
0.03647780418395996
0.036170005798339844
0.03619050979614258
0.03481769561767578
0.03586745262145996
0.03535771369934082
0.03337812423706055
0.035459041595458984
0.034720659255981445
0.0251309871673584
0.02606654167175293
0.025493860244750977
0.025373458862304688
0.0370335578918457
0.03565621376037598
0.035285234451293945
0.037841796875
0.030608177185058594
0.025745391845703125
0.03467965126037598
0.03544139862060547
0.0348813533782959
0.03501296043395996
0.03704524040222168
0.03425002098083496
0.03871345520019531
0.0307004451751709
0.029552698135375977
0.03525996208190918
0.03598189353942871
0.03650832176208496
0.0355374813079834
0.03478050231933594
0.035978078842163086
0.035053253173828125
0.04004216194152832
0.042047977447509766
0.034636735916137695
0.030812978744506836
0.037181854248046875
0.03865313529968262
0.03738760948181152
0.03578948974609375
0.036341190338134766
0.035211801528930664
0.034679412841796875
0.037378787994384766
0.0358586311340332
0.037392377853393555
0.04156327247619629
0.028571605682373047
0.030135631561279297
0.028578758239746094
0.028794050216674805
0.028132200241088867
0.027866125106811523
0.03066086769104004
0.0281069278717041
0.03447222709655762
0.03591799736022949
0.03989672660827637
0.035101890563964844
0.03516387939453125
0.035817623138427734
0.03477597236633301
0.03795981407165527
0.03473973274230957
0.03519487380981445
0.035318613052368164
0.038810014724731445
0.0353395938873291
0.03715157508850098
0.03523135185241699
0.034659385681152344
0.03433680534362793
0.038964271545410156
0.03462672233581543
0.036295413970947266
0.03547239303588867
0.0355076789855957
0.035166263580322266
0.0361170768737793
0.03589797019958496
0.03776979446411133
0.03608393669128418
0.03465414047241211
0.035753488540649414
0.037926673889160156
0.03950643539428711
0.03536510467529297
0.03566575050354004
0.03569817543029785
0.03690147399902344
0.0385899543762207
0.03746318817138672
0.03560972213745117
0.03718423843383789
0.04321622848510742
0.035846710205078125
0.0375211238861084
0.03482246398925781
0.03482532501220703
0.03845930099487305
0.037978410720825195
0.0347287654876709
0.03474235534667969
0.038813114166259766
0.03606891632080078
0.0356600284576416
0.0358273983001709
0.03594493865966797
0.037554264068603516
0.03565859794616699
0.034876346588134766
0.03495669364929199
0.037713050842285156
0.03488755226135254
0.0356600284576416
0.03508138656616211
0.038908958435058594
0.03736066818237305
0.03499197959899902
0.04045581817626953
0.03562283515930176
0.03462362289428711
0.04306149482727051
0.04361557960510254
0.0347752571105957
0.03618812561035156
0.03449535369873047
0.036062002182006836
0.042279958724975586
0.0359194278717041
0.03618359565734863
0.035300254821777344
0.0353245735168457
0.03492236137390137
0.03485107421875
0.036983489990234375
0.03574538230895996
0.03629469871520996
0.03715395927429199
0.040961265563964844
0.0357058048248291
0.0338587760925293
0.025770187377929688
0.02460789680480957
0.024576902389526367
0.03507256507873535
0.03428530693054199
0.0336606502532959
0.0384061336517334
0.03432941436767578
0.03416872024536133
0.03412461280822754
0.035286664962768555
0.03632521629333496
0.035971879959106445
0.034377098083496094
0.035553693771362305
0.024427175521850586
0.02427530288696289
0.024318933486938477
0.03400754928588867
0.03363227844238281
0.03841400146484375
0.0363924503326416
0.038898468017578125
0.04278564453125
0.034392356872558594
0.025525569915771484
0.025055646896362305
0.03564119338989258
0.027512073516845703
0.027348756790161133
0.026592731475830078
0.0395357608795166
0.03621482849121094
0.028349637985229492
0.027017593383789062
0.02715468406677246
0.02722787857055664
0.02556753158569336
0.025105953216552734
0.024857044219970703
0.026221513748168945
0.024714231491088867
0.025190114974975586
0.024634599685668945
0.024747848510742188
0.025282621383666992
0.024571657180786133
0.025220632553100586
0.026134252548217773
0.025630712509155273
0.024703502655029297
0.026296377182006836
0.0263979434967041
0.02482914924621582
0.02487039566040039
0.025156497955322266
0.024734020233154297
0.025596141815185547
0.024770736694335938
0.024988651275634766
0.02565312385559082
0.0248565673828125
0.025243759155273438
0.025393962860107422
0.025246143341064453
0.026203155517578125
0.026189327239990234
0.02471446990966797
0.02637195587158203
0.025278091430664062
0.02452850341796875
0.025386810302734375
0.025288820266723633
0.025426149368286133
0.024663925170898438
0.025776147842407227
0.024499177932739258
0.02471780776977539
0.025333404541015625
0.025030851364135742
0.02498459815979004
0.024464130401611328
0.02515101432800293
0.02573871612548828
0.024791955947875977
0.02586078643798828
0.024715423583984375
0.024971961975097656
0.025075912475585938
0.02581167221069336
0.025178194046020508
0.0262601375579834
0.024893760681152344
0.025876522064208984
0.026181459426879883
0.024918317794799805
0.026392221450805664
0.02535867691040039
0.025500774383544922
0.024806499481201172
0.025727510452270508
0.02474236488342285
0.024740934371948242
0.024767160415649414
0.026109933853149414
0.025821208953857422
0.02459096908569336
0.025573253631591797
0.02469944953918457
0.024765729904174805
0.025008440017700195
0.025794029235839844
0.025484085083007812
0.029886484146118164
0.03473353385925293
0.02518939971923828
0.02790236473083496
0.02559804916381836
0.03084540367126465
0.030122041702270508
0.025468111038208008
0.025198698043823242
0.025165796279907227
0.024724960327148438
0.028308629989624023
0.0338289737701416
0.03606128692626953
0.03506183624267578
0.03422856330871582
0.039490461349487305
0.03502178192138672
0.03857612609863281
0.03503823280334473
0.040431976318359375
0.03529191017150879
0.03623676300048828
0.03751802444458008
0.03963780403137207
0.03470730781555176
0.03584575653076172
0.03682231903076172
0.03830742835998535
0.03766012191772461
0.03528165817260742
0.03733682632446289
0.03803062438964844
0.03574991226196289
0.0348057746887207
0.03644585609436035
0.03656959533691406
0.036219120025634766
0.036724090576171875
0.038890838623046875
0.03670835494995117
0.03655743598937988
0.03802156448364258
0.03719472885131836
0.03516793251037598
0.035668373107910156
0.037127017974853516
0.039017438888549805
0.0374455451965332
0.03577733039855957
0.036139488220214844
0.034676551818847656
0.03798866271972656
0.034835100173950195
0.03592491149902344
0.04026651382446289
0.037004709243774414
0.03469491004943848
0.03584623336791992
0.03699541091918945
0.035015106201171875
0.03945517539978027
0.03599429130554199
0.03537774085998535
0.036947011947631836
0.035620927810668945
0.03620648384094238
0.034759521484375
0.03505134582519531
0.03396344184875488
0.025561809539794922
0.029215335845947266
0.02850055694580078
0.03595256805419922
0.025377511978149414
0.025468826293945312
0.0396268367767334
0.036305904388427734
0.03545713424682617
0.036931514739990234
0.03975725173950195
0.03491044044494629
0.0356748104095459
0.03638648986816406
0.03924703598022461
0.036414146423339844
0.03484702110290527
0.035820722579956055
0.03497767448425293
0.03559732437133789
0.034711599349975586
0.03610992431640625
0.035369157791137695
0.03615260124206543
0.03567147254943848
0.03761863708496094
0.038657188415527344
0.03437185287475586
0.03581523895263672
0.035860300064086914
0.03613543510437012
0.03720736503601074
0.03449821472167969
0.03704500198364258
0.035340309143066406
0.03540635108947754
0.042258262634277344
0.03716897964477539
0.03592348098754883
0.03557443618774414
0.038430213928222656
0.03892707824707031
0.037734031677246094
0.03638124465942383
0.03531527519226074
0.03882241249084473
0.03692507743835449
0.0363924503326416
0.03620100021362305
0.037789344787597656
0.03571176528930664
0.03540921211242676
0.0265653133392334
0.024591684341430664
0.02526545524597168
0.025289535522460938
0.026200532913208008
0.042105913162231445
0.03651237487792969
0.03540825843811035
0.03451204299926758
0.03652596473693848
0.03806614875793457
0.04006552696228027
0.03538870811462402
0.035407066345214844
0.03901362419128418
0.03855705261230469
0.04183530807495117
0.03668689727783203
0.034688711166381836
0.03519320487976074
0.03724932670593262
0.03671002388000488
0.038294076919555664
0.03717041015625
0.03579998016357422
0.03403663635253906
0.02575230598449707
0.04215502738952637
0.03680682182312012
0.040915489196777344
0.03530120849609375
0.03471016883850098
0.03511810302734375
0.03566884994506836
0.03453230857849121
0.03527998924255371
0.03554224967956543
0.03514719009399414
0.03496909141540527
0.03798961639404297
0.03612542152404785
0.04053950309753418
0.03570961952209473
0.04309248924255371
0.036080360412597656
0.03461122512817383
0.035436153411865234
0.03587746620178223
0.03527975082397461
0.03725743293762207
0.03671097755432129
0.03864145278930664
0.034998416900634766
0.03726339340209961
0.03539085388183594
0.03578495979309082
0.034485816955566406
0.03844881057739258
0.036981821060180664
0.03520917892456055
0.04086923599243164
0.03546595573425293
0.038338422775268555
0.037412405014038086
0.03512287139892578
0.03539919853210449
0.03885245323181152
0.037645816802978516
0.03512978553771973
0.03755044937133789
0.037375450134277344
0.03505754470825195
0.035103797912597656
0.03625631332397461
0.03665804862976074
0.03598213195800781
0.038397789001464844
0.036248207092285156
0.038932085037231445
0.04030036926269531
0.035442352294921875
0.036530494689941406
0.0360560417175293
0.035027503967285156
0.0375819206237793
0.03520941734313965
0.034322261810302734
0.03757739067077637
0.04346203804016113
0.031713008880615234
0.0353851318359375
0.03645920753479004
0.03576540946960449
0.041638851165771484
0.03493618965148926
0.03860020637512207
0.0364687442779541
0.04246997833251953
0.03530454635620117
0.03747749328613281
0.041300058364868164
0.035691261291503906
0.035749197006225586
0.03693652153015137
0.040125370025634766
0.03582453727722168
0.03660297393798828
0.03488326072692871
0.03586435317993164
0.03609943389892578
0.0388181209564209
0.04162931442260742
0.036476850509643555
0.03843498229980469
0.04065370559692383
0.039977073669433594
0.04141712188720703
0.03641915321350098
0.0413203239440918
0.03599119186401367
0.034223079681396484
0.02831554412841797
0.026417970657348633
0.035242319107055664
0.04181027412414551
0.03485870361328125
0.04066586494445801
0.03612661361694336
0.036287546157836914
0.04025387763977051
0.03507113456726074
0.036397457122802734
0.035948753356933594
0.03457999229431152
0.0404047966003418
0.035085201263427734
0.03484964370727539
0.0357050895690918
0.03608083724975586
0.036096811294555664
0.03436422348022461
0.04092860221862793
0.03701376914978027
0.03487682342529297
0.03590846061706543
0.03602123260498047
0.035347938537597656
0.039133548736572266
0.03524184226989746
0.03639984130859375
0.03621220588684082
0.0359344482421875
0.03826618194580078
0.03588581085205078
0.034772634506225586
0.0361630916595459
0.03999686241149902
0.03791642189025879
0.03600430488586426
0.0366213321685791
0.03685307502746582
0.03632497787475586
0.0355987548828125
0.03544974327087402
0.03961825370788574
0.03441452980041504
0.036316871643066406
0.034834861755371094
0.03557085990905762
0.04129481315612793
0.035512685775756836
0.035742759704589844
0.03753781318664551
0.043018341064453125
0.034914493560791016
0.03719615936279297
0.036065101623535156
0.036272525787353516
0.03597259521484375
0.04129838943481445
0.04136514663696289
0.03541970252990723
0.03515434265136719
0.04249429702758789
0.038692474365234375
0.039096832275390625
0.036635398864746094
0.03913474082946777
0.03763008117675781
0.037264108657836914
0.0365147590637207
0.034864187240600586
0.03505992889404297
0.035149335861206055
0.03996157646179199
0.034691810607910156
0.03529524803161621
0.03498244285583496
0.03721117973327637
0.03581857681274414
0.03522753715515137
0.0376286506652832
0.03512763977050781
0.037001609802246094
0.03577852249145508
0.041469573974609375
0.035683631896972656
0.03792405128479004
0.041925668716430664
0.035799264907836914
0.03482341766357422
0.039876461029052734
0.03491401672363281
0.03589987754821777
0.03708004951477051
0.04271411895751953
0.035715341567993164
0.035764455795288086
0.038233280181884766
0.03684854507446289
0.03861808776855469
0.042092323303222656
0.035959482192993164
0.03594636917114258
0.03573918342590332
0.03888368606567383
0.0371708869934082
0.03736519813537598
0.03607940673828125
0.03570866584777832
0.03926515579223633
0.0368802547454834
0.035205841064453125
0.03524494171142578
0.037195682525634766
0.037479400634765625
0.039995670318603516
0.03566551208496094
0.03655219078063965
0.036161184310913086
0.03817629814147949
0.03834891319274902
0.035417795181274414
0.037523746490478516
0.03519701957702637
0.036451101303100586
0.04149270057678223
0.035637617111206055
0.03607988357543945
0.03712773323059082
0.0348052978515625
0.039103031158447266
0.03552961349487305
0.04069256782531738
0.03776049613952637
0.03557109832763672
0.038091182708740234
0.03725743293762207
0.03500628471374512
0.0383763313293457
0.03603196144104004
0.037839412689208984
0.037099599838256836
0.03569984436035156
0.03809642791748047
0.036142826080322266
0.03732156753540039
0.03659224510192871
0.0354304313659668
0.03529834747314453
0.037690162658691406
0.03562569618225098
0.03678727149963379
0.03682875633239746
0.03502798080444336
0.03499102592468262
0.034865379333496094
0.03566551208496094
0.0357210636138916
0.03475832939147949
0.03815913200378418
0.0367121696472168
0.0365602970123291
0.037027835845947266
0.03718137741088867
0.03946399688720703
0.0324406623840332
0.03059840202331543
0.028200387954711914
0.028157711029052734
0.030571699142456055
0.029129743576049805
0.029593944549560547
0.027837276458740234
0.028534889221191406
0.028041839599609375
0.029372453689575195
0.028722763061523438
0.029155969619750977
0.028389453887939453
0.028873205184936523
0.02843308448791504
0.027434349060058594
0.026314496994018555
0.027750253677368164
0.027326345443725586
0.0268399715423584
0.028490066528320312
0.02716827392578125
0.026993751525878906
0.026770830154418945
0.02667236328125
0.025589704513549805
0.024727821350097656
0.02497553825378418
0.024865150451660156
0.025739669799804688
0.025823354721069336
0.02559661865234375
0.02495861053466797
0.02562689781188965
0.025151729583740234
0.02558135986328125
0.024966001510620117
0.025394201278686523
0.02481532096862793
0.026238203048706055
0.02563619613647461
0.025428056716918945
0.02633357048034668
0.02576160430908203
0.025435924530029297
0.025794506072998047
0.025426626205444336
0.02534174919128418
0.02516317367553711
0.02504134178161621
0.024982452392578125
0.025869369506835938
0.02517557144165039
0.025127649307250977
0.024573326110839844
0.02543187141418457
0.02488994598388672
0.02488994598388672
0.02490520477294922
0.025754928588867188
0.025294065475463867
0.025391817092895508
0.02555680274963379
0.02523040771484375
0.025783300399780273
0.024804353713989258
0.02635502815246582
0.025025129318237305
0.024817705154418945
0.025057077407836914
0.02483367919921875
0.025224685668945312
0.025169849395751953
0.025411605834960938
0.02533102035522461
0.025213003158569336
0.025677919387817383
0.025085926055908203
0.027028322219848633
0.03531455993652344
0.035180091857910156
0.04266476631164551
0.0382387638092041
0.03928041458129883
0.0370790958404541
0.038459062576293945
0.03858184814453125
0.035247087478637695
0.03482961654663086
0.03625941276550293
0.035225868225097656
0.03690910339355469
0.03488945960998535
0.03582596778869629
0.037056922912597656
0.035913944244384766
0.038546085357666016
0.03564882278442383
0.03596782684326172
0.03398942947387695
0.03681492805480957
0.03276395797729492
0.02667975425720215
0.02655792236328125
0.026360034942626953
0.03563213348388672
0.03741908073425293
0.03717660903930664
0.0363316535949707
0.03625035285949707
0.035125732421875
0.035347938537597656
0.03477787971496582
0.03990364074707031
0.04058527946472168
0.034932613372802734
0.037287235260009766
0.038048505783081055
0.03701615333557129
0.03580498695373535
0.036937713623046875
0.036028385162353516
0.039511680603027344
0.03458571434020996
0.03602313995361328
0.035185813903808594
0.03944993019104004
