0.3497483730316162
0.03754115104675293
0.034796714782714844
0.049520254135131836
0.03621053695678711
0.042272329330444336
0.03664207458496094
0.036939144134521484
0.04067063331604004
0.029705286026000977
0.040587425231933594
0.03017258644104004
0.029833078384399414
0.030827999114990234
0.029665470123291016
0.02985858917236328
0.029738426208496094
0.029701709747314453
0.029814958572387695
0.0295562744140625
0.029664993286132812
0.029628276824951172
0.02966141700744629
0.029892921447753906
0.030051708221435547
0.02992534637451172
0.029741287231445312
0.029613018035888672
0.02971816062927246
0.030436992645263672
0.029903411865234375
0.02970409393310547
0.029747486114501953
0.02973008155822754
0.02961277961730957
0.030359745025634766
0.030567407608032227
0.030628681182861328
0.030629873275756836
0.030692338943481445
0.038471221923828125
0.037801265716552734
0.04026937484741211
0.03587913513183594
0.03656196594238281
0.02930927276611328
0.0384824275970459
0.03186535835266113
0.031923770904541016
0.033179521560668945
0.03457498550415039
0.03155946731567383
0.03140568733215332
0.03176116943359375
0.03126358985900879
0.03143501281738281
0.031291961669921875
0.031653642654418945
0.03320455551147461
0.024875164031982422
0.024891376495361328
0.02521228790283203
0.02525782585144043
0.025293588638305664
0.02500295639038086
0.025687694549560547
0.02535843849182129
0.025209426879882812
0.02639150619506836
0.025431394577026367
0.025025129318237305
0.025334596633911133
0.025060415267944336
0.02509021759033203
0.039000511169433594
0.03515768051147461
0.0335233211517334
0.028657913208007812
0.04060673713684082
0.04236459732055664
0.03887677192687988
0.03029608726501465
0.034832000732421875
0.031870126724243164
0.02864980697631836
0.028496980667114258
0.02866506576538086
0.038068294525146484
0.028850555419921875
0.035804033279418945
0.03143906593322754
0.028789043426513672
0.03625202178955078
0.03544354438781738
0.04444169998168945
0.028894901275634766
0.03008270263671875
0.02871847152709961
0.03731060028076172
0.038392066955566406
0.0346226692199707
0.028670787811279297
0.03527426719665527
0.03017425537109375
0.03550863265991211
0.02881002426147461
0.03587007522583008
0.0355839729309082
0.03153491020202637
0.028621912002563477
0.02865886688232422
0.03429770469665527
0.03133749961853027
0.04022336006164551
0.02865743637084961
0.03623485565185547
0.028774261474609375
0.028654813766479492
0.028832674026489258
0.03902077674865723
0.02928304672241211
0.024587154388427734
0.024424076080322266
0.024442672729492188
0.024295806884765625
0.02456045150756836
0.024382591247558594
0.024239063262939453
0.024182558059692383
0.024492740631103516
0.034577131271362305
0.02985382080078125
0.03534841537475586
0.02918839454650879
0.03683876991271973
0.028867483139038086
0.028887510299682617
0.028678178787231445
0.028720378875732422
0.02871251106262207
0.03776288032531738
0.03795814514160156
0.035394906997680664
0.029079198837280273
0.028811216354370117
0.02868199348449707
0.027075767517089844
0.026190757751464844
0.026044607162475586
0.026032447814941406
0.025751590728759766
0.02585768699645996
0.026214122772216797
0.038414716720581055
0.025890588760375977
0.02597975730895996
0.026001930236816406
0.025875568389892578
0.03865408897399902
0.03469252586364746
0.03534340858459473
0.03817915916442871
0.03796195983886719
0.034224748611450195
0.02604222297668457
0.0381619930267334
0.035370588302612305
0.04052233695983887
0.036656856536865234
0.029422521591186523
0.03333640098571777
0.02887725830078125
0.02870464324951172
0.028714418411254883
0.035855770111083984
0.039277076721191406
0.03501462936401367
0.029082059860229492
0.028736114501953125
0.028855562210083008
0.04019451141357422
0.0328826904296875
0.03427839279174805
0.02879929542541504
0.03553271293640137
0.028775691986083984
0.03286933898925781
0.03529524803161621
0.035927534103393555
0.03531694412231445
0.038393497467041016
0.04360222816467285
0.03843402862548828
0.0334010124206543
0.04386758804321289
0.03559255599975586
0.03533434867858887
0.035552978515625
0.040656089782714844
0.030262470245361328
0.028641462326049805
0.02861785888671875
0.02866077423095703
0.02861499786376953
0.02857804298400879
0.03829693794250488
0.03846931457519531
0.03546404838562012
0.04047107696533203
0.03744149208068848
0.029879093170166016
0.028650522232055664
0.0298917293548584
0.035578012466430664
0.02872157096862793
0.03831601142883301
0.02889084815979004
0.028638839721679688
0.028626680374145508
0.028725385665893555
0.030351638793945312
0.036087989807128906
0.04092979431152344
0.03564095497131348
0.028744935989379883
0.025409698486328125
0.03540515899658203
0.03833770751953125
0.028772354125976562
0.03884720802307129
0.037116289138793945
0.026930570602416992
0.03255510330200195
0.0270993709564209
0.0444486141204834
0.035424232482910156
0.03579831123352051
0.03502392768859863
0.02655315399169922
0.03849363327026367
0.025998592376708984
0.0385289192199707
0.038747549057006836
0.03673362731933594
0.029753923416137695
0.04359102249145508
0.02876424789428711
0.03830742835998535
0.05104780197143555
0.03661704063415527
0.028612852096557617
0.038141727447509766
0.038482666015625
0.028774261474609375
0.02864837646484375
0.028659820556640625
0.03801560401916504
0.038346290588378906
0.028963088989257812
0.03799557685852051
0.0357356071472168
0.028742074966430664
0.028666019439697266
0.03550076484680176
0.04335451126098633
0.041014671325683594
0.028728723526000977
0.028623580932617188
0.037926673889160156
0.028949975967407227
0.038492679595947266
0.03549003601074219
0.04143714904785156
0.033293962478637695
0.03348731994628906
0.028702974319458008
0.04350709915161133
0.030387401580810547
0.028757572174072266
0.03617596626281738
0.03347134590148926
0.029705524444580078
0.02995133399963379
0.029808759689331055
0.029862642288208008
0.03036189079284668
0.03938436508178711
0.031009435653686523
0.03855705261230469
0.045072078704833984
0.028696537017822266
0.04327869415283203
0.034876346588134766
0.03741097450256348
0.025407075881958008
0.02514195442199707
0.025133609771728516
0.02510976791381836
0.02519702911376953
0.02520918846130371
0.025159358978271484
0.02540302276611328
0.03860044479370117
0.04220175743103027
0.03914999961853027
0.03783988952636719
0.0260009765625
0.024921417236328125
0.03915596008300781
0.03132343292236328
0.02852916717529297
0.028704404830932617
0.038362979888916016
0.034682512283325195
0.03470277786254883
0.02883124351501465
0.042133331298828125
0.028625965118408203
0.028565406799316406
0.02855086326599121
0.028981447219848633
0.02885890007019043
0.028645992279052734
0.028572797775268555
0.02866363525390625
0.028646469116210938
0.02948307991027832
0.02864670753479004
0.04052901268005371
0.03368377685546875
0.028505563735961914
0.028595685958862305
0.02855205535888672
0.028519153594970703
0.03851771354675293
0.028845787048339844
0.028660058975219727
0.0380396842956543
0.038115501403808594
0.028736114501953125
0.02858114242553711
0.0286710262298584
0.04191851615905762
0.0284273624420166
0.028670549392700195
0.03808021545410156
0.03827524185180664
0.038847923278808594
0.03836560249328613
0.03538060188293457
0.028615474700927734
0.03509926795959473
0.041315317153930664
0.038015127182006836
0.03657221794128418
0.032972097396850586
0.0432589054107666
0.03505206108093262
0.028658628463745117
0.038609981536865234
0.03847360610961914
0.03861880302429199
0.03753399848937988
0.03837299346923828
0.04447746276855469
0.03807544708251953
0.02871227264404297
0.028651952743530273
0.028476715087890625
0.028515338897705078
0.03849601745605469
0.038333892822265625
0.025142669677734375
0.02516317367553711
0.025172710418701172
0.024860143661499023
0.03822803497314453
0.03840470314025879
0.03845810890197754
0.03747892379760742
0.03800702095031738
0.03924870491027832
0.0408174991607666
0.037706613540649414
0.03891396522521973
0.038933515548706055
0.02841329574584961
0.02837395668029785
0.03867626190185547
0.03896045684814453
0.038364410400390625
0.03825807571411133
0.03561520576477051
0.03796648979187012
0.03800153732299805
0.04000520706176758
0.04871678352355957
0.032161712646484375
0.02850055694580078
0.035837411880493164
0.04276633262634277
0.02842545509338379
0.038683414459228516
0.03858041763305664
0.03821897506713867
0.03860926628112793
0.03854560852050781
0.038633108139038086
0.03852534294128418
0.035060882568359375
0.03922104835510254
0.02859330177307129
0.035791873931884766
0.02867579460144043
0.035266876220703125
0.029828548431396484
0.038336753845214844
0.043036460876464844
0.03809499740600586
0.03544926643371582
0.031537532806396484
0.028557538986206055
0.038797855377197266
0.028582334518432617
0.03785085678100586
0.038347721099853516
0.0387418270111084
0.03524041175842285
0.04125022888183594
0.02912449836730957
0.03546333312988281
0.028744220733642578
0.04786205291748047
0.04426002502441406
0.03824019432067871
0.03724551200866699
0.028818845748901367
0.028751373291015625
0.037819623947143555
0.03862309455871582
0.038207292556762695
0.03832507133483887
0.03481101989746094
0.03835010528564453
0.0240020751953125
0.02436375617980957
0.02422499656677246
0.024141311645507812
0.02406620979309082
0.024202823638916016
0.025588512420654297
0.024265766143798828
0.03300738334655762
0.040055274963378906
0.031175613403320312
0.02843308448791504
0.028397798538208008
0.028530359268188477
0.028398752212524414
0.02840876579284668
0.028426647186279297
0.03921175003051758
0.028848886489868164
0.028781652450561523
0.03830742835998535
0.028371572494506836
0.03942108154296875
0.0389101505279541
0.030518054962158203
0.02852630615234375
0.028455495834350586
0.02848029136657715
0.028428077697753906
0.02840566635131836
0.028475046157836914
0.030042171478271484
0.028397083282470703
0.028418540954589844
0.028361082077026367
0.028354883193969727
0.02839374542236328
0.028476238250732422
0.02419567108154297
0.024094581604003906
0.02430891990661621
0.02434825897216797
0.024198293685913086
0.024214982986450195
0.02405858039855957
0.024372577667236328
0.02470874786376953
0.024481773376464844
0.03821253776550293
0.038765907287597656
0.037813663482666016
0.028498172760009766
0.028542757034301758
0.02850198745727539
0.028476238250732422
0.028443574905395508
0.02847433090209961
0.02845597267150879
0.028464555740356445
0.028423547744750977
0.028516054153442383
0.028471708297729492
0.0283968448638916
0.028413057327270508
0.025646448135375977
0.024410247802734375
0.024122953414916992
0.02400803565979004
0.024031400680541992
0.037994384765625
0.0382235050201416
0.038327932357788086
0.03847527503967285
0.038504600524902344
0.034155845642089844
0.040836334228515625
0.03806614875793457
0.03828835487365723
0.03848624229431152
0.03840374946594238
0.037601470947265625
0.03551673889160156
0.03850817680358887
0.03822922706604004
0.02867269515991211
0.03788948059082031
0.04068350791931152
0.03522491455078125
0.02887248992919922
0.028514862060546875
0.028529882431030273
0.02868175506591797
0.02858591079711914
0.028557777404785156
0.028550386428833008
0.03855252265930176
0.04348134994506836
0.03814435005187988
0.04015994071960449
0.03095531463623047
0.04347491264343262
0.029398441314697266
0.028382301330566406
0.02847146987915039
0.028475046157836914
0.04091477394104004
0.04430747032165527
0.03806161880493164
0.039061784744262695
0.03690648078918457
0.029877901077270508
0.02849411964416504
0.028771638870239258
0.028599023818969727
0.028487205505371094
0.02853989601135254
0.028582334518432617
0.028586864471435547
0.028685808181762695
0.028484821319580078
0.02851104736328125
0.028558015823364258
0.02857685089111328
0.02856159210205078
0.026636838912963867
0.02649712562561035
0.026519298553466797
0.02650284767150879
0.026589393615722656
0.026520729064941406
0.026460886001586914
0.02648639678955078
0.0264890193939209
0.026417255401611328
0.0265042781829834
0.026532888412475586
0.02640223503112793
0.026617765426635742
0.026838302612304688
0.026789426803588867
0.02654552459716797
0.02645587921142578
0.026483535766601562
0.02651381492614746
0.026512622833251953
0.02652716636657715
0.02658224105834961
0.026583194732666016
0.026756763458251953
0.02652716636657715
0.026810884475708008
0.026610851287841797
0.02648615837097168
0.026979684829711914
0.026520490646362305
0.026704788208007812
0.024887800216674805
0.024960756301879883
0.02486443519592285
0.04591655731201172
0.03691983222961426
0.039624691009521484
0.0305938720703125
0.024860382080078125
0.024918556213378906
0.025240659713745117
0.024888277053833008
0.024808168411254883
0.04802966117858887
0.05074119567871094
0.03493142127990723
0.029280424118041992
0.028609275817871094
0.049721479415893555
0.036615610122680664
0.027499914169311523
0.047033071517944336
0.028807878494262695
0.028797149658203125
0.035640716552734375
0.028702735900878906
0.02877187728881836
0.029745817184448242
0.029419422149658203
0.028589963912963867
0.028599262237548828
0.028612375259399414
0.028591394424438477
0.02856588363647461
0.028588533401489258
0.028542757034301758
0.026376962661743164
0.026080608367919922
0.025949716567993164
0.025876522064208984
0.025616884231567383
0.02589893341064453
0.0374293327331543
0.025056838989257812
0.02516460418701172
0.025371313095092773
0.025113821029663086
0.02515244483947754
0.02512669563293457
0.02499103546142578
0.02526068687438965
0.025120973587036133
0.02504253387451172
0.025327205657958984
0.025270700454711914
0.025142669677734375
0.025189638137817383
0.025086402893066406
0.025177717208862305
0.02532958984375
0.025147676467895508
0.025127410888671875
0.025082111358642578
0.025177001953125
0.025331735610961914
0.025246858596801758
0.025029659271240234
0.025151968002319336
0.025114774703979492
0.02516651153564453
0.025350570678710938
0.037664175033569336
0.03973531723022461
0.03831005096435547
0.038683176040649414
0.03877544403076172
0.038547515869140625
0.04180145263671875
0.039034128189086914
0.038578033447265625
0.027057409286499023
0.04112601280212402
0.0291287899017334
0.028517961502075195
0.03844642639160156
0.038572072982788086
0.03815484046936035
0.03618025779724121
0.037958621978759766
0.029187679290771484
0.03663325309753418
0.03665733337402344
0.03813529014587402
0.038083553314208984
0.028514623641967773
0.028488874435424805
0.028711318969726562
0.028650999069213867
0.02867603302001953
0.03819632530212402
0.03818631172180176
0.03818845748901367
0.040472984313964844
0.03713583946228027
0.03815507888793945
0.04038643836975098
0.03635406494140625
0.036780357360839844
0.029562711715698242
0.028689146041870117
0.028680086135864258
0.028664827346801758
0.028661727905273438
0.02856731414794922
0.02862381935119629
0.02870011329650879
0.02867603302001953
0.028954505920410156
0.028576135635375977
0.02853536605834961
0.028601408004760742
0.02649211883544922
0.026877164840698242
0.026602506637573242
0.026607513427734375
0.02654409408569336
0.02647566795349121
0.026465654373168945
0.026476383209228516
0.026483774185180664
0.026502132415771484
0.02646803855895996
0.026528358459472656
0.026528358459472656
0.0264437198638916
0.026496171951293945
0.026723861694335938
0.02666330337524414
0.026688575744628906
0.02704930305480957
0.026640653610229492
0.02653193473815918
0.026839256286621094
0.026563167572021484
0.02666616439819336
0.02685260772705078
0.026552200317382812
0.026603221893310547
0.026816606521606445
0.02653670310974121
0.0269625186920166
0.038641929626464844
0.02584242820739746
0.02517104148864746
0.025037288665771484
0.0251309871673584
0.03420424461364746
0.039728641510009766
0.030549049377441406
0.03852510452270508
0.03734588623046875
0.026541471481323242
0.026155948638916016
0.02651047706604004
0.025242328643798828
0.02514481544494629
0.038050174713134766
0.04012441635131836
0.029152631759643555
0.03908991813659668
0.030640125274658203
0.028662919998168945
0.02892780303955078
0.02866339683532715
0.03817129135131836
0.0377964973449707
0.03412342071533203
0.04141998291015625
0.031487464904785156
0.02872633934020996
0.028603076934814453
0.028911828994750977
0.02879476547241211
0.028706789016723633
0.028812646865844727
0.028606414794921875
0.028626441955566406
0.028534650802612305
0.027099132537841797
0.025364160537719727
0.02540731430053711
0.028916597366333008
0.028667211532592773
0.02854299545288086
0.03849220275878906
0.035423994064331055
0.030370473861694336
0.039995431900024414
0.038146257400512695
0.03862953186035156
0.03892850875854492
0.038309574127197266
0.03796195983886719
0.03847336769104004
0.036626577377319336
0.02674245834350586
0.038439035415649414
0.03776884078979492
0.03838515281677246
0.03921961784362793
0.02573680877685547
0.025713443756103516
0.025567054748535156
0.025563955307006836
0.0258944034576416
0.025818824768066406
0.03766751289367676
0.038874149322509766
0.030841350555419922
0.025296449661254883
0.037897586822509766
0.026351451873779297
0.025134801864624023
0.03948855400085449
0.031002044677734375
0.025126218795776367
0.02511906623840332
0.03840303421020508
0.03877687454223633
0.041144609451293945
0.030869483947753906
0.025780677795410156
0.025853395462036133
0.02579355239868164
0.03872489929199219
0.03503060340881348
0.038399696350097656
0.035883188247680664
0.03827834129333496
0.025960683822631836
0.025866031646728516
0.025834083557128906
0.025841712951660156
0.0258481502532959
0.025846481323242188
0.025999069213867188
0.040499210357666016
0.03777003288269043
0.038733720779418945
0.03606534004211426
0.03856182098388672
0.037467241287231445
0.026149272918701172
0.0380406379699707
0.03823089599609375
0.03837943077087402
0.03614950180053711
0.03638410568237305
0.034839630126953125
0.031781673431396484
0.028594255447387695
0.02860283851623535
0.028536081314086914
0.028578996658325195
0.028447389602661133
0.028481483459472656
0.02858591079711914
0.028406858444213867
0.02851557731628418
0.02838873863220215
0.028627872467041016
0.026862382888793945
0.026518583297729492
0.02651500701904297
0.02657485008239746
0.02644515037536621
0.02653813362121582
0.026471614837646484
0.027026653289794922
0.026545286178588867
0.026457786560058594
0.02664637565612793
0.026501893997192383
0.026847362518310547
0.026764392852783203
0.026485919952392578
0.026439428329467773
0.026692628860473633
0.02679896354675293
0.026449203491210938
0.026470422744750977
0.026424407958984375
0.026812314987182617
0.02664947509765625
0.026494503021240234
0.026421785354614258
0.026551008224487305
0.026775598526000977
0.02643728256225586
0.029221296310424805
0.025688648223876953
0.025094985961914062
0.024901390075683594
0.024907588958740234
0.03604888916015625
0.031162023544311523
0.03869819641113281
0.04172539710998535
0.040166378021240234
0.024994850158691406
0.03847479820251465
0.037044525146484375
0.03468775749206543
0.0359950065612793
0.03433108329772949
0.03964686393737793
0.038109779357910156
0.03829646110534668
0.038460731506347656
0.03522181510925293
0.028686046600341797
0.03806805610656738
0.034308433532714844
0.040631771087646484
0.036367177963256836
0.030476808547973633
0.02871417999267578
0.028690099716186523
0.028652667999267578
0.028763771057128906
0.04195141792297363
0.028769969940185547
0.02874469757080078
0.02880120277404785
0.028725624084472656
0.028760910034179688
0.028728485107421875
0.03476119041442871
0.028870582580566406
0.029475688934326172
0.03872323036193848
0.03838610649108887
0.03872418403625488
0.02621603012084961
0.04292631149291992
0.028689146041870117
0.03443479537963867
0.03883671760559082
0.030009984970092773
0.028631210327148438
0.03836321830749512
0.038355112075805664
0.03817009925842285
0.038603782653808594
0.034436941146850586
0.03931283950805664
0.030689001083374023
0.03797602653503418
0.0385594367980957
0.038422346115112305
0.04129624366760254
0.02903890609741211
0.030388832092285156
0.028689861297607422
0.03529524803161621
0.02725076675415039
0.036299705505371094
0.035376787185668945
0.04131960868835449
0.0355226993560791
0.03712105751037598
0.037858009338378906
0.037336111068725586
0.03945517539978027
0.038083791732788086
0.041109323501586914
0.03726673126220703
0.034432172775268555
0.03830409049987793
0.0383145809173584
0.038724422454833984
0.03795599937438965
0.03818845748901367
0.03810834884643555
0.04793071746826172
0.034506797790527344
0.04309821128845215
0.03745770454406738
0.02990245819091797
0.028641462326049805
0.028723716735839844
0.028730154037475586
0.02913188934326172
0.02926015853881836
0.037924766540527344
0.03837943077087402
0.028989315032958984
0.030366182327270508
0.028770923614501953
0.03753376007080078
0.028902053833007812
0.03836965560913086
0.02894902229309082
0.03811955451965332
0.04216265678405762
0.035817623138427734
0.029557466506958008
0.03512120246887207
0.0305635929107666
0.028890371322631836
0.028667449951171875
0.02861189842224121
0.038722991943359375
0.028751611709594727
0.02860093116760254
0.02853083610534668
0.02597188949584961
0.02589702606201172
0.0377202033996582
0.035468101501464844
0.03784584999084473
0.04351949691772461
0.032941341400146484
0.0292360782623291
0.038613319396972656
0.03552126884460449
0.038568735122680664
0.03583788871765137
0.03406071662902832
0.02907538414001465
0.028649568557739258
0.028533935546875
0.03022909164428711
0.028485536575317383
0.03801774978637695
0.03854084014892578
0.03649425506591797
0.0379788875579834
0.0284576416015625
0.02847146987915039
0.028577089309692383
0.02844095230102539
0.028607845306396484
0.02866387367248535
0.028642892837524414
0.028591632843017578
0.026502370834350586
0.02653026580810547
0.027195215225219727
0.02706170082092285
0.0269167423248291
0.0265657901763916
0.02656245231628418
0.026456356048583984
0.02642345428466797
0.02667403221130371
0.026546001434326172
0.027019977569580078
0.027356624603271484
0.02727985382080078
0.02654433250427246
0.02651381492614746
0.026430845260620117
0.026639461517333984
0.0265657901763916
0.026533126831054688
0.02766108512878418
0.02721428871154785
0.02676987648010254
0.027672529220581055
0.027033567428588867
0.02763652801513672
0.026534318923950195
0.026464462280273438
0.026480913162231445
0.026421070098876953
0.02656722068786621
0.026895761489868164
0.026519298553466797
0.026548147201538086
0.0265963077545166
0.026627063751220703
0.026486873626708984
0.026698589324951172
0.026547908782958984
0.026478290557861328
0.02648758888244629
0.026590824127197266
0.026564598083496094
0.02651381492614746
0.02649068832397461
0.02657461166381836
0.026525020599365234
0.026407241821289062
0.02637791633605957
0.026566267013549805
0.026508808135986328
0.02647876739501953
0.026508569717407227
0.02648138999938965
0.026488780975341797
0.026558637619018555
0.02647709846496582
0.026484012603759766
0.026599884033203125
0.026530742645263672
0.02670001983642578
0.026479482650756836
0.02718830108642578
0.026521682739257812
0.02823662757873535
0.026757478713989258
0.0265042781829834
0.02659463882446289
0.02634882926940918
0.026470661163330078
0.026610374450683594
0.026527881622314453
0.025617361068725586
0.03841209411621094
0.025949954986572266
0.02577805519104004
0.025806665420532227
0.039006948471069336
0.03590965270996094
0.038111209869384766
0.03586554527282715
0.03868532180786133
0.038608551025390625
0.035599470138549805
0.03884553909301758
0.038507938385009766
0.03560781478881836
0.028742074966430664
0.028778791427612305
0.036171913146972656
0.038057804107666016
0.03832697868347168
0.038713693618774414
0.03815150260925293
0.03851890563964844
0.03834986686706543
0.03700995445251465
0.03814196586608887
0.03881692886352539
0.03825569152832031
0.03843998908996582
0.038313865661621094
0.038265228271484375
0.03842282295227051
0.03510689735412598
0.04212474822998047
0.02912306785583496
0.028664588928222656
0.028703927993774414
0.030303478240966797
0.03551316261291504
0.03867006301879883
0.028630733489990234
0.035291194915771484
0.034743547439575195
0.03312110900878906
0.03535151481628418
0.03492569923400879
0.03894495964050293
0.03843188285827637
0.0389399528503418
0.03129982948303223
0.028618812561035156
0.02852487564086914
0.028475046157836914
0.02899765968322754
0.03833770751953125
0.03330230712890625
0.028580427169799805
0.029189348220825195
0.02862858772277832
0.028702259063720703
0.028585433959960938
0.0285952091217041
0.03828573226928711
0.03838801383972168
0.03974771499633789
0.04319643974304199
0.03589463233947754
0.032799482345581055
0.04133415222167969
0.04111289978027344
0.03569436073303223
0.04024314880371094
0.03024005889892578
0.02863907814025879
0.028808116912841797
0.028644561767578125
0.028596162796020508
0.028966903686523438
0.028452157974243164
0.03654956817626953
0.03648781776428223
0.02862858772277832
0.029047012329101562
0.02860856056213379
0.03663992881774902
0.02865457534790039
0.028658390045166016
0.028728485107421875
0.0286715030670166
0.028586149215698242
0.026645421981811523
0.026714086532592773
0.02670121192932129
0.026595115661621094
0.0266420841217041
0.026573896408081055
0.026636838912963867
0.026615142822265625
0.026662349700927734
0.02655959129333496
0.026986122131347656
0.026649951934814453
0.026634693145751953
0.026531696319580078
0.026615142822265625
0.026650428771972656
0.026621341705322266
0.026789426803588867
0.02664947509765625
0.026566505432128906
0.0266726016998291
0.026725053787231445
0.026579856872558594
0.026597261428833008
0.026610612869262695
0.026637554168701172
0.02664661407470703
0.02665543556213379
0.02667379379272461
0.026716947555541992
0.02657008171081543
0.02653813362121582
0.02648305892944336
0.026549100875854492
0.026569604873657227
0.02823495864868164
0.02660655975341797
0.026643991470336914
0.02657604217529297
0.026680469512939453
0.026530981063842773
0.02659010887145996
0.02658367156982422
0.026588916778564453
0.026690959930419922
0.02652716636657715
0.0266268253326416
0.026553869247436523
0.026531457901000977
0.026886701583862305
0.026639699935913086
0.02658677101135254
0.026632070541381836
0.027631521224975586
0.026845455169677734
0.026445865631103516
0.026604413986206055
0.026585817337036133
0.0265347957611084
0.026565074920654297
0.04486489295959473
0.02648472785949707
0.026556968688964844
0.026549816131591797
0.026533126831054688
0.0266416072845459
0.026665449142456055
0.026621103286743164
0.026686429977416992
0.026732921600341797
0.0265655517578125
0.026562929153442383
0.02651381492614746
0.028180360794067383
0.026511669158935547
0.0266265869140625
0.026597976684570312
0.026577234268188477
0.026483535766601562
0.026549339294433594
0.026566028594970703
0.02651238441467285
0.026560544967651367
0.026782751083374023
0.026565074920654297
0.02654123306274414
0.02654099464416504
0.026526451110839844
0.026534318923950195
0.026625394821166992
0.026548385620117188
0.026482343673706055
0.026610612869262695
0.026703357696533203
0.026556968688964844
0.02648758888244629
0.026502132415771484
0.026610136032104492
0.026464223861694336
0.026557207107543945
0.026627063751220703
0.026490211486816406
0.026535749435424805
0.026630878448486328
0.0265810489654541
0.026617050170898438
0.026621341705322266
0.026538610458374023
0.026564598083496094
0.026496410369873047
0.026468992233276367
0.026441574096679688
0.028289079666137695
0.026641130447387695
0.026559114456176758
0.02649974822998047
0.026535987854003906
0.02654409408569336
0.026512622833251953
0.026803970336914062
0.026413679122924805
0.026453018188476562
0.026627779006958008
0.026452302932739258
0.026880979537963867
0.026526451110839844
0.026561498641967773
0.02650308609008789
0.026528358459472656
0.026444196701049805
0.02642989158630371
0.026418447494506836
0.026598215103149414
0.026421308517456055
0.026424646377563477
0.02638697624206543
0.026476144790649414
0.026513099670410156
0.026505231857299805
0.026396751403808594
0.02642345428466797
0.02638864517211914
0.026544809341430664
0.026523113250732422
0.026563405990600586
0.026465654373168945
0.026509523391723633
0.026538372039794922
0.0265047550201416
0.026372909545898438
0.026447772979736328
0.02645564079284668
0.026575803756713867
0.026535511016845703
0.026524066925048828
0.026482105255126953
0.026469707489013672
0.026526212692260742
0.026624441146850586
0.026556015014648438
0.02651834487915039
0.02643299102783203
0.026467561721801758
0.026611804962158203
0.026543855667114258
0.026511192321777344
0.026491403579711914
0.026444673538208008
0.026616811752319336
0.026569843292236328
0.026532649993896484
0.026528596878051758
0.0264892578125
0.026524782180786133
0.027991771697998047
0.03687024116516113
0.03674960136413574
0.029296398162841797
0.03584742546081543
0.03664565086364746
0.03742098808288574
0.037590980529785156
0.04435443878173828
0.03799915313720703
0.037337541580200195
0.03760361671447754
0.03751349449157715
0.0376582145690918
0.03660225868225098
0.026535987854003906
0.0383448600769043
0.0374608039855957
0.03728508949279785
0.037657976150512695
0.037509918212890625
0.037427425384521484
0.03723859786987305
0.03726935386657715
0.03737235069274902
0.03754758834838867
0.045686960220336914
0.04031538963317871
0.037994384765625
0.037702083587646484
0.03779911994934082
0.0426943302154541
0.03957414627075195
0.03741574287414551
0.037322998046875
0.03744864463806152
0.03768730163574219
0.0382230281829834
0.037450313568115234
0.0384526252746582
0.03755497932434082
0.037288665771484375
0.03744769096374512
0.03749418258666992
0.03723597526550293
0.0379788875579834
0.0372624397277832
0.037713050842285156
0.03758049011230469
0.037576913833618164
0.03746938705444336
0.03747057914733887
0.03753852844238281
0.03733396530151367
0.03744864463806152
0.03756999969482422
0.03734087944030762
0.03740191459655762
0.03747820854187012
0.03720402717590332
0.03721022605895996
0.03730154037475586
0.04320883750915527
0.03755831718444824
0.03774070739746094
0.0373682975769043
0.043168067932128906
0.03742194175720215
0.03742790222167969
0.037667274475097656
0.045870304107666016
0.03741717338562012
0.03736543655395508
0.04418349266052246
0.03734612464904785
0.037340641021728516
0.038986921310424805
0.03748011589050293
0.03723001480102539
0.03761577606201172
0.03730607032775879
0.03750205039978027
0.037461042404174805
0.037766218185424805
0.04226279258728027
0.037313222885131836
0.03846597671508789
0.03761482238769531
0.0372471809387207
0.0375216007232666
0.03763175010681152
0.03774285316467285
0.04321646690368652
0.037592172622680664
0.037270545959472656
0.04159355163574219
0.04017448425292969
0.039713144302368164
0.03972911834716797
0.03782534599304199
0.026204824447631836
0.025650978088378906
0.043313026428222656
0.03489184379577637
0.02581000328063965
0.02572798728942871
0.025803089141845703
0.026105403900146484
0.025754690170288086
0.025792598724365234
0.025743722915649414
0.026076078414916992
0.02587437629699707
0.03477907180786133
0.034416913986206055
0.02666616439819336
0.03801751136779785
0.038179636001586914
0.02843451499938965
0.03787636756896973
0.037261247634887695
0.028591156005859375
0.035162925720214844
0.0354156494140625
0.035620689392089844
0.02863597869873047
0.03848671913146973
0.0288698673248291
0.028610944747924805
0.02855992317199707
0.0378265380859375
0.04378008842468262
0.03829765319824219
0.035459041595458984
0.0370023250579834
0.030606746673583984
0.03524160385131836
0.039473533630371094
0.028833627700805664
0.028538227081298828
0.028621912002563477
0.028759241104125977
0.038442373275756836
0.03867840766906738
0.03875398635864258
0.03855013847351074
0.025594234466552734
0.03501272201538086
0.03836250305175781
0.03652548789978027
0.0357060432434082
0.03789997100830078
0.03634357452392578
0.028857946395874023
0.028417348861694336
0.0284726619720459
0.02843642234802246
0.028430938720703125
0.028359413146972656
0.02845621109008789
0.028584003448486328
0.02644181251525879
0.02644824981689453
0.026401758193969727
0.026520252227783203
0.028201818466186523
0.02654242515563965
0.02637338638305664
0.02653050422668457
0.02647852897644043
0.026567459106445312
0.026627063751220703
0.026423215866088867
0.026409387588500977
0.0265655517578125
0.026407957077026367
0.026450634002685547
0.02643442153930664
0.026376724243164062
0.026542186737060547
0.02644968032836914
0.026363134384155273
0.026381254196166992
0.026564359664916992
0.02642059326171875
0.026417016983032227
0.026484012603759766
0.026439666748046875
0.02640676498413086
0.026467084884643555
0.026488780975341797
0.026432037353515625
0.0264432430267334
0.026369810104370117
0.026567459106445312
0.02643132209777832
0.0264437198638916
0.026360273361206055
0.02642369270324707
0.026464223861694336
0.026461124420166016
0.026482343673706055
0.027645111083984375
0.026557207107543945
0.027065515518188477
0.026495695114135742
0.02647852897644043
0.026367664337158203
0.02631235122680664
0.026447057723999023
0.026404142379760742
0.02646160125732422
0.026419878005981445
0.02641892433166504
0.026439905166625977
0.026446819305419922
0.026444673538208008
0.026443004608154297
0.026408910751342773
0.026506662368774414
0.02644658088684082
0.02644944190979004
0.026418209075927734
0.02656388282775879
0.02650594711303711
0.026517868041992188
0.026479721069335938
0.026389598846435547
0.02642369270324707
0.02636265754699707
0.026486635208129883
0.026345014572143555
0.0264890193939209
0.026362895965576172
0.026395320892333984
0.026419878005981445
0.026461362838745117
0.026613473892211914
0.026477813720703125
0.02648305892944336
0.026477813720703125
0.026482582092285156
0.026367664337158203
0.02646660804748535
0.02640676498413086
0.0282289981842041
0.02648448944091797
0.026411771774291992
0.02644038200378418
0.02633357048034668
0.026508808135986328
0.02654409408569336
0.026418685913085938
0.026423931121826172
0.026569604873657227
0.026452064514160156
0.026459455490112305
0.026484251022338867
0.02643299102783203
0.026511430740356445
0.026443004608154297
0.026378393173217773
0.02649688720703125
0.026437044143676758
0.026505231857299805
0.026459693908691406
0.026406288146972656
0.026438236236572266
0.026395797729492188
0.026394128799438477
0.02655959129333496
0.026362895965576172
0.026406526565551758
0.026365995407104492
0.02642989158630371
0.02648138999938965
0.026791810989379883
0.02644062042236328
0.026471614837646484
0.02664351463317871
0.026417970657348633
0.0263519287109375
0.026301860809326172
0.026537179946899414
0.0264432430267334
0.026640892028808594
0.026528120040893555
0.02649998664855957
0.02640843391418457
0.026392221450805664
0.026430845260620117
0.02650165557861328
0.026427745819091797
0.026326656341552734
0.026561737060546875
0.026429414749145508
0.026470184326171875
0.026352643966674805
0.026395320892333984
0.02654099464416504
0.026487350463867188
0.02636432647705078
0.026361465454101562
0.026432037353515625
0.02644824981689453
0.026453256607055664
0.0264132022857666
0.026386737823486328
0.02633070945739746
0.026492595672607422
0.026422977447509766
0.02647686004638672
0.026418685913085938
0.02637314796447754
0.02628016471862793
0.026328325271606445
0.026510000228881836
0.026385068893432617
0.026347875595092773
0.026454687118530273
0.026447534561157227
0.02645421028137207
0.026385784149169922
0.026596784591674805
0.02643609046936035
0.02765178680419922
0.026444673538208008
0.026426076889038086
0.026595592498779297
0.026430130004882812
0.02636408805847168
0.02641916275024414
0.027033329010009766
0.0264279842376709
0.02645087242126465
0.02649402618408203
0.02643418312072754
0.02641153335571289
0.026516199111938477
0.026508331298828125
0.02643418312072754
0.02640247344970703
0.026662111282348633
0.02642226219177246
0.026352643966674805
0.02648138999938965
0.026561975479125977
0.02675151824951172
0.02640080451965332
0.026460647583007812
0.026546478271484375
0.026431560516357422
0.026462793350219727
0.02661895751953125
0.026500225067138672
0.026482582092285156
0.026415348052978516
0.0263516902923584
0.026508331298828125
0.026419401168823242
0.026393413543701172
0.026357173919677734
0.02662968635559082
0.026332616806030273
0.026437759399414062
0.026429176330566406
0.02635025978088379
0.026421308517456055
0.026328086853027344
0.026512622833251953
0.026526212692260742
0.027531862258911133
0.02631998062133789
0.026518583297729492
0.026445865631103516
0.02640986442565918
0.026358366012573242
0.026573896408081055
0.02642679214477539
0.026340723037719727
0.026441574096679688
0.02662968635559082
0.026495933532714844
0.02657628059387207
0.0264437198638916
0.026437997817993164
0.0263674259185791
0.026540279388427734
0.026444673538208008
0.026428937911987305
0.026360034942626953
0.026297807693481445
0.026501893997192383
0.026457548141479492
0.026456117630004883
0.02633357048034668
0.02649211883544922
0.026456117630004883
0.026396512985229492
0.02633213996887207
0.026615381240844727
0.026388168334960938
0.03897404670715332
0.0359044075012207
0.03855323791503906
0.03231549263000488
0.027185916900634766
0.02671027183532715
0.026541948318481445
0.02657341957092285
0.026547908782958984
0.02672886848449707
0.026535987854003906
0.026501893997192383
0.026428699493408203
0.026567459106445312
0.026534318923950195
0.026506662368774414
0.02644801139831543
0.02659010887145996
0.026621103286743164
0.02653360366821289
0.02646493911743164
0.026511430740356445
0.02649855613708496
0.026530981063842773
0.026514291763305664
0.0265657901763916
0.026488065719604492
0.02684640884399414
0.026527881622314453
0.026520967483520508
0.026500225067138672
0.02650904655456543
0.02637958526611328
0.026520729064941406
0.026542186737060547
0.026758670806884766
0.02639627456665039
0.026713848114013672
0.028064727783203125
0.026596546173095703
0.026551246643066406
0.026783466339111328
0.027536392211914062
0.026654720306396484
0.026518821716308594
0.026523590087890625
0.02699756622314453
0.02654886245727539
0.02694845199584961
0.026462554931640625
0.026676177978515625
0.026476383209228516
0.027094125747680664
0.03847146034240723
0.03617048263549805
0.039455413818359375
0.038053035736083984
0.03757739067077637
0.04371452331542969
0.030031442642211914
0.0352168083190918
0.035428524017333984
0.03543591499328613
0.04047369956970215
0.031151771545410156
0.03847312927246094
0.0383296012878418
0.03629422187805176
0.037932634353637695
0.035802602767944336
0.03441572189331055
0.03874397277832031
0.038100242614746094
0.04191899299621582
0.029325485229492188
0.03685641288757324
0.02601766586303711
0.03818511962890625
0.03820466995239258
0.03862261772155762
0.03549027442932129
0.029079675674438477
0.028669118881225586
0.028570175170898438
0.03720283508300781
0.025449514389038086
0.028701066970825195
0.028671741485595703
0.038633108139038086
0.028494834899902344
0.03808927536010742
0.038910627365112305
0.03427839279174805
0.03805112838745117
0.02858710289001465
0.028496742248535156
0.02855658531188965
0.03813481330871582
0.03848147392272949
0.0378413200378418
0.02859210968017578
0.03245973587036133
0.028864145278930664
0.03800487518310547
0.0406794548034668
0.03817176818847656
0.0415494441986084
0.04011392593383789
0.03784799575805664
0.038556814193725586
0.02861499786376953
0.02762126922607422
0.03885841369628906
0.038179636001586914
0.040393829345703125
0.028660058975219727
0.0385127067565918
0.03832387924194336
0.038374900817871094
0.034210920333862305
0.04126548767089844
0.03827095031738281
0.03828692436218262
0.03264951705932617
0.028790712356567383
0.028271913528442383
0.02858138084411621
0.03823494911193848
0.025347471237182617
0.025345802307128906
0.024959325790405273
0.037286996841430664
0.03783726692199707
0.04987835884094238
0.03494977951049805
0.03831052780151367
0.03761148452758789
0.02872943878173828
0.028857946395874023
0.028667688369750977
0.038167476654052734
0.03875303268432617
0.038336992263793945
0.03813314437866211
0.03594684600830078
0.044840335845947266
0.03815865516662598
0.026096343994140625
0.025999069213867188
0.03652548789978027
0.037996530532836914
0.038031578063964844
0.044593095779418945
0.03835344314575195
0.02608203887939453
0.025710582733154297
0.030267953872680664
0.03540325164794922
0.03535270690917969
0.03319597244262695
0.038065195083618164
0.025592803955078125
0.02494525909423828
0.04179883003234863
0.03436589241027832
0.0342710018157959
0.028789043426513672
0.038042306900024414
0.029326915740966797
0.028496742248535156
0.03638720512390137
0.028544902801513672
0.03222346305847168
0.028591632843017578
0.03881645202636719
0.02916407585144043
0.028519868850708008
0.0337519645690918
0.029534101486206055
0.02855205535888672
0.03866910934448242
0.028668642044067383
0.027812719345092773
0.025217056274414062
0.03822040557861328
0.028520584106445312
0.028538942337036133
0.03431582450866699
0.02887868881225586
0.028656005859375
0.0374445915222168
0.037222862243652344
0.03705763816833496
0.027352333068847656
0.03721499443054199
0.02722644805908203
0.03760409355163574
0.04029202461242676
0.03956484794616699
0.04571104049682617
0.037590742111206055
0.03812885284423828
0.03713083267211914
0.040040016174316406
0.03767728805541992
0.037424325942993164
0.037438392639160156
0.03762674331665039
0.037801504135131836
0.03743553161621094
0.03754115104675293
0.03765082359313965
0.0260465145111084
0.026313066482543945
0.03880882263183594
0.038727521896362305
0.04478096961975098
0.036479949951171875
0.04463362693786621
0.03615736961364746
0.03571462631225586
0.04037332534790039
0.03968238830566406
0.03866696357727051
0.03813910484313965
0.038553714752197266
0.038079023361206055
0.025482892990112305
0.025644302368164062
0.038382530212402344
0.03824925422668457
0.025197267532348633
0.03850388526916504
0.02863335609436035
0.028455257415771484
0.028522014617919922
0.028597354888916016
0.028491497039794922
0.028526782989501953
0.03852224349975586
0.0393524169921875
0.03125929832458496
0.02582240104675293
0.0364680290222168
0.028969764709472656
0.028478622436523438
0.028530359268188477
0.0286865234375
0.028578519821166992
0.02855205535888672
0.02861618995666504
0.028540611267089844
0.028500080108642578
0.028512954711914062
0.028519630432128906
0.03555941581726074
0.03677558898925781
0.029470443725585938
0.028448820114135742
0.02845907211303711
0.02839040756225586
0.02846527099609375
0.028558969497680664
0.028518199920654297
0.028631925582885742
0.028485536575317383
0.02851700782775879
0.03859066963195801
0.03836798667907715
0.03843426704406738
0.038306236267089844
0.03830718994140625
0.027151823043823242
0.02859783172607422
0.0290982723236084
0.02855658531188965
0.028498411178588867
0.032274484634399414
0.028554439544677734
0.028560161590576172
0.02859330177307129
0.028554916381835938
0.028586626052856445
0.03166842460632324
0.028528213500976562
0.028538942337036133
0.02852630615234375
0.028562068939208984
0.02847456932067871
0.03089308738708496
0.029288053512573242
0.030626535415649414
0.028655529022216797
0.029993295669555664
0.0274660587310791
0.026579618453979492
0.02653813362121582
0.02652430534362793
0.02649092674255371
0.029237985610961914
0.028119564056396484
0.026923418045043945
0.026504039764404297
0.02672266960144043
0.03098154067993164
0.028012990951538086
0.02662205696105957
0.026456117630004883
0.026492595672607422
0.026531696319580078
0.02650141716003418
0.026476621627807617
0.02645587921142578
0.027213573455810547
0.0263826847076416
0.026462316513061523
0.026556730270385742
0.026485204696655273
0.026459693908691406
0.026458263397216797
0.02650165557861328
0.03521227836608887
0.02942490577697754
0.026462793350219727
0.026493310928344727
0.02639937400817871
0.026470422744750977
0.026532649993896484
0.026958703994750977
0.026485443115234375
0.026484251022338867
0.030956745147705078
0.02641010284423828
0.02642679214477539
0.02645587921142578
0.026418685913085938
0.02806830406188965
0.026435136795043945
0.02644658088684082
0.03235912322998047
0.027552366256713867
0.026429176330566406
0.026531696319580078
0.026404619216918945
0.02682662010192871
0.026441097259521484
0.02788543701171875
0.02640843391418457
0.02635788917541504
0.026378154754638672
0.026463985443115234
0.02652716636657715
0.02649068832397461
0.026454687118530273
0.026626110076904297
0.026458740234375
0.026480913162231445
0.026533842086791992
0.026450395584106445
0.02639460563659668
0.026520490646362305
0.02708125114440918
0.02653193473815918
0.026523590087890625
0.02644968032836914
0.026593685150146484
0.02651691436767578
0.02644038200378418
0.026507854461669922
0.026447772979736328
0.026462554931640625
0.02639293670654297
0.026482343673706055
0.026477336883544922
0.02651381492614746
0.026901721954345703
0.034032583236694336
0.027619123458862305
0.026699304580688477
0.026498794555664062
0.02644658088684082
0.02648639678955078
0.026433944702148438
0.026442527770996094
0.02977776527404785
0.026328086853027344
0.026781082153320312
0.02648162841796875
0.02645277976989746
0.02645707130432129
0.026538848876953125
0.02645111083984375
0.02960824966430664
0.0265655517578125
0.026448726654052734
0.02649998664855957
0.026385784149169922
0.026474475860595703
0.030136585235595703
0.026482105255126953
0.026633501052856445
0.026470184326171875
0.026442527770996094
0.026395082473754883
0.0263674259185791
0.02648639678955078
0.026456356048583984
0.026439428329467773
0.026437044143676758
0.026468753814697266
0.026482343673706055
0.026462554931640625
0.026418209075927734
0.02642083168029785
0.026555776596069336
0.026488065719604492
0.026415348052978516
0.02660822868347168
0.03265094757080078
0.026797771453857422
0.02652287483215332
0.026842594146728516
0.026434659957885742
0.02657794952392578
0.026579856872558594
0.029050111770629883
0.02658820152282715
0.026809215545654297
0.02576422691345215
0.02568197250366211
0.025725126266479492
0.03892207145690918
0.03630495071411133
0.03700661659240723
0.037874460220336914
0.03836655616760254
0.037406206130981445
0.036519527435302734
0.036614179611206055
0.03645896911621094
0.036408424377441406
0.036538124084472656
0.036614418029785156
0.03664588928222656
0.03654193878173828
0.03660154342651367
0.036849260330200195
0.03830981254577637
0.038751840591430664
0.044451236724853516
0.02855539321899414
0.03776836395263672
0.026058197021484375
0.03809165954589844
0.035552024841308594
0.039576053619384766
0.02919912338256836
0.028666973114013672
0.02848339080810547
0.03563213348388672
0.025943756103515625
0.025872468948364258
0.025754690170288086
0.025783538818359375
0.025838613510131836
0.025678634643554688
0.025928497314453125
0.026580333709716797
0.038893938064575195
0.038274288177490234
0.03876614570617676
0.038320064544677734
0.03820204734802246
0.03830838203430176
0.044759511947631836
0.026753902435302734
0.03647208213806152
0.03734111785888672
0.03812408447265625
0.03913283348083496
0.026782989501953125
0.02664351463317871
0.0383756160736084
0.02872753143310547
0.028532981872558594
0.028573274612426758
0.028589963912963867
0.030962467193603516
0.029783010482788086
0.02854156494140625
0.035451412200927734
0.035490989685058594
0.038300514221191406
0.037760257720947266
0.035491943359375
0.03055095672607422
0.03868818283081055
0.035482168197631836
0.03527379035949707
0.028604745864868164
0.028558969497680664
0.02840280532836914
0.028563737869262695
0.028563737869262695
0.028502702713012695
0.028457164764404297
0.028492450714111328
0.028476715087890625
0.027640581130981445
0.03528857231140137
0.03536581993103027
0.04039359092712402
0.03827810287475586
0.044513702392578125
0.03812241554260254
0.03600358963012695
0.040662527084350586
0.03824305534362793
0.03824329376220703
0.025716304779052734
0.025556564331054688
0.039742231369018555
0.02851104736328125
0.028712749481201172
0.02871084213256836
0.028779983520507812
0.03673362731933594
0.03509879112243652
0.0379033088684082
0.0368809700012207
0.02680039405822754
0.03762507438659668
0.03835654258728027
0.0386810302734375
0.04501199722290039
0.03652334213256836
0.028702974319458008
0.03829526901245117
0.03644156455993652
0.037043094635009766
0.028865337371826172
0.03788900375366211
0.03766679763793945
0.03831958770751953
0.03807663917541504
0.03704237937927246
0.03792858123779297
0.03789377212524414
0.038294076919555664
0.03756523132324219
0.036997318267822266
0.044806480407714844
0.028647184371948242
0.02892303466796875
0.02874135971069336
0.02863907814025879
0.02863335609436035
0.028778076171875
0.028540372848510742
0.028647899627685547
0.027181148529052734
0.026792526245117188
0.027092933654785156
0.026682376861572266
0.026637792587280273
0.026618003845214844
0.026668787002563477
0.02660369873046875
0.02659320831298828
0.026580333709716797
0.02664351463317871
0.026607990264892578
0.026630640029907227
0.026648998260498047
0.02651810646057129
0.02758002281188965
0.02651214599609375
0.02659463882446289
0.026465892791748047
0.02646636962890625
0.026453256607055664
0.026602506637573242
0.026474475860595703
0.02651238441467285
0.0265505313873291
0.02774643898010254
0.026539087295532227
0.026470184326171875
0.026627302169799805
0.02651500701904297
0.027500152587890625
0.02663111686706543
0.026616811752319336
0.026629209518432617
0.02656388282775879
0.02655339241027832
0.026732444763183594
0.0265963077545166
0.026624202728271484
0.026578426361083984
0.026610851287841797
0.026508092880249023
0.026544570922851562
0.026441335678100586
0.026500463485717773
0.02643418312072754
0.026531696319580078
0.026647090911865234
0.026539325714111328
0.02647876739501953
0.02649688720703125
0.02667236328125
0.02652764320373535
0.026549100875854492
0.026593446731567383
0.026669979095458984
0.026500701904296875
0.026837825775146484
0.026429176330566406
0.026622295379638672
0.026598453521728516
0.026563644409179688
0.027463912963867188
0.026623010635375977
0.02665090560913086
0.026627063751220703
0.026648759841918945
0.026522159576416016
0.026759862899780273
0.02661609649658203
0.026565074920654297
0.02667236328125
0.026598691940307617
0.026639223098754883
0.026619672775268555
0.026552200317382812
0.026534318923950195
0.026688337326049805
0.02666616439819336
0.026645660400390625
0.026670455932617188
0.026615381240844727
0.02654409408569336
0.026419639587402344
0.026572465896606445
0.02652263641357422
0.026554346084594727
0.026810169219970703
0.02654576301574707
0.02650618553161621
0.02648782730102539
0.02679133415222168
0.026602506637573242
0.026562929153442383
0.026546478271484375
0.02664017677307129
0.02689218521118164
0.031407833099365234
0.026477575302124023
0.026622533798217773
0.026658058166503906
0.02650165557861328
0.026481151580810547
0.02643108367919922
0.026489973068237305
0.026559114456176758
0.026478052139282227
0.02645730972290039
0.026806116104125977
0.02657318115234375
0.026468276977539062
0.02655196189880371
0.026617765426635742
0.026493072509765625
0.026530027389526367
0.026446819305419922
0.02645707130432129
0.026581287384033203
0.026555538177490234
0.026542186737060547
0.026632308959960938
0.027207612991333008
0.026540517807006836
0.026432514190673828
0.02654743194580078
0.026459932327270508
0.02648448944091797
0.02640390396118164
0.026645183563232422
0.02657294273376465
0.026427507400512695
0.02640557289123535
0.02644658088684082
0.026558637619018555
0.026755809783935547
0.026573896408081055
0.02661418914794922
0.026496171951293945
0.026478290557861328
0.026434659957885742
0.026586055755615234
0.027095556259155273
0.02651500701904297
0.026459932327270508
0.02791285514831543
0.026503801345825195
0.026654481887817383
0.02672553062438965
0.02656865119934082
0.026453495025634766
0.026493549346923828
0.026647090911865234
0.026538372039794922
0.02655196189880371
0.026546955108642578
0.026531457901000977
0.026585102081298828
0.0264742374420166
0.026541471481323242
0.026721954345703125
0.026485204696655273
0.02651071548461914
0.026480913162231445
0.02658224105834961
0.026377439498901367
0.027081966400146484
0.026523351669311523
0.026602983474731445
0.02646636962890625
0.026448965072631836
0.02653956413269043
0.02659749984741211
0.02656865119934082
0.02655339241027832
0.026491880416870117
0.0263824462890625
0.026411056518554688
0.026549577713012695
0.026631832122802734
0.02649378776550293
0.02648305892944336
0.026462316513061523
0.02649688720703125
0.02655792236328125
0.026497840881347656
0.02656722068786621
0.0266110897064209
0.02652120590209961
0.026522397994995117
0.026549577713012695
0.026707172393798828
0.026585102081298828
0.026588916778564453
0.026463985443115234
0.026513338088989258
0.02648472785949707
0.026586055755615234
0.026590347290039062
0.02660822868347168
0.026477336883544922
0.026472091674804688
0.02651500701904297
0.026589632034301758
0.026564359664916992
0.026532411575317383
0.026679515838623047
0.026580095291137695
0.026533842086791992
0.026529788970947266
0.026599407196044922
0.026552915573120117
0.02657008171081543
0.02648615837097168
0.0266876220703125
0.026589155197143555
0.02652597427368164
0.02652120590209961
0.026616811752319336
0.0265042781829834
0.02663135528564453
0.02647542953491211
0.026622295379638672
0.026556730270385742
0.026528358459472656
0.02650618553161621
0.026639938354492188
0.026540279388427734
0.02648639678955078
0.026436567306518555
0.026570796966552734
0.026737213134765625
0.026522397994995117
0.026590824127197266
0.026523113250732422
0.02647566795349121
0.026428699493408203
0.026473522186279297
0.026569366455078125
0.02651834487915039
0.02650141716003418
0.026564836502075195
0.026528596878051758
0.02659153938293457
0.026474952697753906
0.026602745056152344
0.026574373245239258
0.026401042938232422
0.0274045467376709
0.02654409408569336
0.026562213897705078
0.026548385620117188
0.026683807373046875
0.02651381492614746
0.026397228240966797
0.026401042938232422
0.0264742374420166
0.026528120040893555
0.026491880416870117
0.026506662368774414
0.026549816131591797
0.02667689323425293
0.02679896354675293
0.026459693908691406
0.026515722274780273
0.026897668838500977
0.02662205696105957
0.026896238327026367
0.02649211883544922
0.026830673217773438
0.026517629623413086
0.026494503021240234
0.02675175666809082
0.026636838912963867
0.02647686004638672
0.026925086975097656
0.026709794998168945
0.026592493057250977
0.026577472686767578
0.02669811248779297
0.026556015014648438
0.02660202980041504
0.02656412124633789
0.026571273803710938
0.026689529418945312
0.026513099670410156
0.027871131896972656
0.026508808135986328
0.02670907974243164
0.026692628860473633
0.02746748924255371
0.0269620418548584
0.026659250259399414
0.02674555778503418
0.02654719352722168
0.0266268253326416
0.02650284767150879
0.02648186683654785
0.02666473388671875
0.02665853500366211
0.02664971351623535
0.02665567398071289
0.02660083770751953
0.026741981506347656
0.026610136032104492
0.02659153938293457
0.026680469512939453
0.026597976684570312
0.026511669158935547
0.027963876724243164
0.02664804458618164
0.02661609649658203
0.026548385620117188
0.026590824127197266
0.026527881622314453
0.02654409408569336
0.02662372589111328
0.026467561721801758
0.026531696319580078
0.02664494514465332
0.02657151222229004
0.02661919593811035
0.026616334915161133
0.02663135528564453
0.02647089958190918
0.026459217071533203
0.026540279388427734
0.02666449546813965
0.026696443557739258
0.02660655975341797
0.026530027389526367
0.026580810546875
0.026530981063842773
0.02661418914794922
0.02658557891845703
0.02664327621459961
0.02661728858947754
0.02651500701904297
0.02656388282775879
0.02662372589111328
0.026583194732666016
0.026523113250732422
0.02649235725402832
0.026679515838623047
0.026458740234375
0.02661275863647461
0.026514053344726562
0.026664018630981445
0.02658677101135254
0.02652573585510254
0.026564598083496094
0.026663780212402344
0.026521921157836914
0.02652120590209961
0.0267333984375
0.026584625244140625
0.026578664779663086
0.026538372039794922
0.026708364486694336
0.026650667190551758
0.02661275863647461
0.02667713165283203
0.026788949966430664
0.026613235473632812
0.026585102081298828
0.02669978141784668
0.026540517807006836
0.026566743850708008
0.026638269424438477
0.02660369873046875
0.02651238441467285
0.026530742645263672
0.026669740676879883
0.026519298553466797
0.02655339241027832
0.026557207107543945
0.026627779006958008
0.02657461166381836
0.026547670364379883
0.026517629623413086
0.026616334915161133
0.026557445526123047
0.02652907371520996
0.026786327362060547
0.026672840118408203
0.026652097702026367
0.026528120040893555
0.02662181854248047
0.026503324508666992
0.0264589786529541
0.02664971351623535
0.02665567398071289
0.026528596878051758
0.026572227478027344
0.026470661163330078
0.026589393615722656
0.02650761604309082
0.026494264602661133
0.026542186737060547
0.026523590087890625
0.026500225067138672
0.026460886001586914
0.026497364044189453
0.02657794952392578
0.026577472686767578
0.026587724685668945
0.026621103286743164
0.02657294273376465
0.026469945907592773
0.02647995948791504
0.02654266357421875
0.02660989761352539
0.026497602462768555
0.026448488235473633
0.026631832122802734
0.026661396026611328
0.026508569717407227
0.026543617248535156
0.02667975425720215
0.02662944793701172
0.026619434356689453
0.026437044143676758
0.026554584503173828
0.02664327621459961
0.02651238441467285
0.026584148406982422
0.02662825584411621
0.02650284767150879
0.026505708694458008
0.02658867835998535
0.02651214599609375
0.02657318115234375
0.02645707130432129
0.02651691436767578
0.026576757431030273
0.026819229125976562
0.0265655517578125
0.02672123908996582
0.0265195369720459
0.02645111083984375
0.02650904655456543
0.02657461166381836
0.026581764221191406
0.026500225067138672
0.02647686004638672
0.026677370071411133
0.026500463485717773
0.026409149169921875
0.026480674743652344
0.026534557342529297
0.02649545669555664
0.02646493911743164
0.026433467864990234
0.026586532592773438
0.026523590087890625
0.026479482650756836
0.026480436325073242
0.02673506736755371
0.02654433250427246
0.026606321334838867
0.0266265869140625
0.026627302169799805
0.026558637619018555
0.02655482292175293
0.0265042781829834
0.026631832122802734
0.026477575302124023
0.027137041091918945
0.0265195369720459
0.02646613121032715
0.026470422744750977
0.026546716690063477
0.02647852897644043
0.02655935287475586
0.02662801742553711
0.026520252227783203
0.02646327018737793
0.026628971099853516
0.026540756225585938
0.027140140533447266
0.026427507400512695
0.026487350463867188
0.02674555778503418
0.026670217514038086
0.02660512924194336
0.026641130447387695
0.02661275863647461
0.02655482292175293
0.026654481887817383
0.026720285415649414
0.026471614837646484
0.02657628059387207
0.02652573585510254
0.026537418365478516
0.026566505432128906
0.026530981063842773
0.026541709899902344
0.026566267013549805
0.02649092674255371
0.026536941528320312
0.026393413543701172
0.026524782180786133
0.026474952697753906
0.026601076126098633
0.0271148681640625
0.027263641357421875
0.02702164649963379
0.026607513427734375
0.02668929100036621
0.02660679817199707
0.02653789520263672
0.026490449905395508
0.02648472785949707
0.026613950729370117
0.02658224105834961
0.026513338088989258
0.026648759841918945
0.026599884033203125
0.026434659957885742
0.0270230770111084
0.026652812957763672
0.0265657901763916
0.026558876037597656
0.02652263641357422
0.026562929153442383
0.0265347957611084
0.026600122451782227
0.02651691436767578
0.026624679565429688
0.026616573333740234
0.026525020599365234
0.026493072509765625
0.02652144432067871
0.026515960693359375
0.02649402618408203
0.026473045349121094
0.02670431137084961
0.02657604217529297
0.026543617248535156
0.026536226272583008
0.026616573333740234
0.02654123306274414
0.02647709846496582
0.026806354522705078
0.026674509048461914
0.026544570922851562
0.026536226272583008
0.026640653610229492
0.0265505313873291
0.02651214599609375
0.026573896408081055
0.026581287384033203
0.026573657989501953
0.027910709381103516
0.026715993881225586
0.04494190216064453
0.026623010635375977
0.026665687561035156
0.026728391647338867
0.038872718811035156
0.038594961166381836
0.03769659996032715
0.03818011283874512
0.036850929260253906
0.03206229209899902
0.02522420883178711
0.035323143005371094
0.03184366226196289
0.0391993522644043
0.03703188896179199
0.037096500396728516
0.03731584548950195
0.04566049575805664
0.03132963180541992
0.03147077560424805
0.025933265686035156
0.038152217864990234
0.038205862045288086
0.03618168830871582
0.036672115325927734
0.0379033088684082
0.026201725006103516
0.0259096622467041
0.036097049713134766
0.031009674072265625
0.03182864189147949
0.031630516052246094
0.03888368606567383
0.03487253189086914
0.03610110282897949
0.03818655014038086
0.03816580772399902
0.03856348991394043
0.03836226463317871
0.038628339767456055
0.04473233222961426
0.03754782676696777
0.038019418716430664
0.044769287109375
0.03622794151306152
0.03530120849609375
0.036692142486572266
0.028626680374145508
0.03805398941040039
0.03841423988342285
0.03208780288696289
0.031653404235839844
0.03166794776916504
0.031690359115600586
0.03175950050354004
0.031633853912353516
0.03558778762817383
0.03860282897949219
0.03879809379577637
0.03656959533691406
0.035981178283691406
0.04645991325378418
0.03775310516357422
0.03820538520812988
0.03792309761047363
0.036444902420043945
0.04768228530883789
0.03771257400512695
0.03630876541137695
0.0469813346862793
0.037941932678222656
0.035842180252075195
0.038057804107666016
0.03834247589111328
0.03864645957946777
0.03836417198181152
0.03840279579162598
0.0379486083984375
0.03821086883544922
0.04012656211853027
0.03476238250732422
0.03827929496765137
0.038785696029663086
0.0382993221282959
0.03823280334472656
0.04609870910644531
0.037750244140625
0.03809618949890137
0.038750410079956055
0.03827476501464844
0.038210153579711914
0.038312435150146484
0.036429643630981445
0.04457831382751465
0.03802061080932617
0.034978628158569336
0.0355074405670166
0.03615212440490723
0.03800535202026367
0.03526902198791504
0.04765605926513672
0.037516117095947266
0.036119937896728516
