0.37973785400390625
0.013227224349975586
0.012807369232177734
0.0135955810546875
0.013432979583740234
0.013414144515991211
0.01017618179321289
0.009320259094238281
0.009327411651611328
0.00940847396850586
0.009397506713867188
0.009408950805664062
0.00941777229309082
0.009386777877807617
0.011944770812988281
0.011920690536499023
0.011919498443603516
0.012394905090332031
0.012293100357055664
0.012042760848999023
0.013849735260009766
0.010391950607299805
0.009404182434082031
0.00941610336303711
0.01138925552368164
0.011831283569335938
0.009421825408935547
0.009435653686523438
0.011970758438110352
0.011967658996582031
0.01207113265991211
0.012079715728759766
0.014368534088134766
0.01233363151550293
0.012785911560058594
0.012606382369995117
0.013554811477661133
0.011764764785766602
0.013260364532470703
0.012041330337524414
0.009365558624267578
0.010681390762329102
0.010315179824829102
0.011582136154174805
0.012143135070800781
0.009713172912597656
0.011979341506958008
0.008439064025878906
0.011736392974853516
0.00856924057006836
0.008547306060791016
0.008558511734008789
0.008538961410522461
0.008534431457519531
0.008553266525268555
0.008519172668457031
0.008553028106689453
0.008535146713256836
0.008565664291381836
0.008547306060791016
0.00856924057006836
0.00855398178100586
0.00853276252746582
0.008560895919799805
0.008532285690307617
0.008895158767700195
0.008518218994140625
0.0085906982421875
0.008563756942749023
0.00858449935913086
0.008552312850952148
0.00861668586730957
0.00854039192199707
0.008623361587524414
0.008545875549316406
0.008551836013793945
0.00854349136352539
0.008546829223632812
0.008567333221435547
0.008538484573364258
0.008603334426879883
0.0085601806640625
0.008550643920898438
0.008543729782104492
0.008877992630004883
0.008557558059692383
0.008758068084716797
0.008526802062988281
0.00856328010559082
0.008530139923095703
0.008584260940551758
0.00857853889465332
0.008536338806152344
0.008552789688110352
0.008535146713256836
0.008461236953735352
0.00853872299194336
0.008538246154785156
0.008560419082641602
0.008539438247680664
0.00856161117553711
0.008551597595214844
0.008547306060791016
0.008521556854248047
0.008548498153686523
0.008511781692504883
0.008564233779907227
0.008553743362426758
0.008526086807250977
0.008519887924194336
0.008562088012695312
0.008564472198486328
0.008547067642211914
0.008545637130737305
0.008537054061889648
0.008587121963500977
0.008530139923095703
0.008555173873901367
0.008534431457519531
0.008553028106689453
0.008542060852050781
0.00856328010559082
0.008535146713256836
0.008530616760253906
0.008557796478271484
0.00853419303894043
0.0085601806640625
0.008578777313232422
0.008524656295776367
0.008558511734008789
0.008537530899047852
0.009067773818969727
0.00854945182800293
0.00853276252746582
0.008447647094726562
0.008537530899047852
0.008495092391967773
0.008552789688110352
0.008545160293579102
0.008533477783203125
0.008499860763549805
0.008531332015991211
0.01188206672668457
0.009953737258911133
0.008512020111083984
0.008517980575561523
0.00852346420288086
0.008529186248779297
0.008574485778808594
0.008521080017089844
0.00868535041809082
0.008529186248779297
0.008576393127441406
0.00891423225402832
0.008561372756958008
0.008574962615966797
0.00863027572631836
0.00852060317993164
0.008496284484863281
0.00854635238647461
0.008521080017089844
0.0085296630859375
0.008564233779907227
0.011686325073242188
0.008595466613769531
0.00856781005859375
0.008471250534057617
0.008538007736206055
0.008579254150390625
0.008598566055297852
0.008541584014892578
0.008545160293579102
0.008532524108886719
0.008561849594116211
0.008562326431274414
0.008542776107788086
0.011774301528930664
0.011635541915893555
0.008565902709960938
0.008551359176635742
0.008589029312133789
0.008570432662963867
0.008591651916503906
0.008543252944946289
0.008536815643310547
0.008564949035644531
0.008569478988647461
0.008573770523071289
0.00857090950012207
0.008561372756958008
0.008584022521972656
0.00854945182800293
0.008609533309936523
0.00854802131652832
0.00853586196899414
0.008533954620361328
0.008561849594116211
0.008606195449829102
0.008515119552612305
0.008591651916503906
0.008540868759155273
0.008540630340576172
0.008605003356933594
0.008563995361328125
0.00856924057006836
0.00856471061706543
0.008657217025756836
0.008527040481567383
0.008638381958007812
0.00858163833618164
0.012101173400878906
0.008410930633544922
0.008371829986572266
0.00839543342590332
0.008408069610595703
0.013885736465454102
0.011231184005737305
0.0114593505859375
0.011999845504760742
0.009598493576049805
0.008364677429199219
0.008397817611694336
0.008421897888183594
0.00835108757019043
0.008388042449951172
0.00847768783569336
0.008350133895874023
0.00844120979309082
0.0084075927734375
0.009242773056030273
0.009229183197021484
0.009170770645141602
0.00921940803527832
0.009244441986083984
0.009230375289916992
0.00913691520690918
0.009174346923828125
0.009240388870239258
0.008301258087158203
0.00836038589477539
0.008336305618286133
0.008359432220458984
0.008428573608398438
0.008402109146118164
0.008275985717773438
0.008377552032470703
0.008278608322143555
0.008461952209472656
0.008355379104614258
0.008366584777832031
0.008306503295898438
0.00832819938659668
0.008414983749389648
0.008428573608398438
0.011959075927734375
0.013408184051513672
0.008406877517700195
0.008379459381103516
0.008255958557128906
0.00829315185546875
0.013669252395629883
0.008279561996459961
0.008405208587646484
0.01159977912902832
0.008220195770263672
0.00832676887512207
0.008362531661987305
0.008458614349365234
0.008332252502441406
0.008388042449951172
0.008371353149414062
0.008379936218261719
0.008389949798583984
0.008335590362548828
0.008287429809570312
0.00829935073852539
0.008266687393188477
0.008302688598632812
0.008352518081665039
0.008385181427001953
0.008272409439086914
0.008256673812866211
0.008295774459838867
0.008420228958129883
0.008409976959228516
0.00828099250793457
0.008290290832519531
0.008293628692626953
0.008259057998657227
0.008397579193115234
0.00830984115600586
0.008299589157104492
0.008306026458740234
0.008323431015014648
0.008400440216064453
0.008303642272949219
0.008427619934082031
0.011948347091674805
0.011867284774780273
0.008315324783325195
0.011669397354125977
0.01176309585571289
0.01220250129699707
0.013650178909301758
0.010047435760498047
0.011785030364990234
0.008674383163452148
0.008640527725219727
0.008642911911010742
0.008692502975463867
0.008599519729614258
0.008609771728515625
0.008616447448730469
0.008665800094604492
0.011698722839355469
0.012675285339355469
0.009922266006469727
0.011711597442626953
0.010068655014038086
0.009234428405761719
0.014223575592041016
0.011642694473266602
0.011629581451416016
0.011197090148925781
0.009018898010253906
0.008637428283691406
0.008580446243286133
0.008614063262939453
0.008606672286987305
0.008612632751464844
0.008554220199584961
0.008576393127441406
0.008573055267333984
0.00861811637878418
0.00857686996459961
0.008575677871704102
0.008602619171142578
0.008596181869506836
0.008662700653076172
0.008620977401733398
0.008577108383178711
0.00852346420288086
0.008567094802856445
0.008579015731811523
0.00858616828918457
0.008575677871704102
0.00859689712524414
0.008623838424682617
0.008530139923095703
0.008625030517578125
0.008585214614868164
0.008594989776611328
0.008557558059692383
0.008594751358032227
0.008618354797363281
0.008571863174438477
0.008584976196289062
0.008585929870605469
0.008566617965698242
0.008628368377685547
0.008604049682617188
0.008598804473876953
0.00859522819519043
0.00858616828918457
0.008616209030151367
0.00857090950012207
0.008532524108886719
0.008600711822509766
0.008591413497924805
0.008599042892456055
0.008591890335083008
0.008557319641113281
0.008609771728515625
0.008585453033447266
0.008543252944946289
0.008634567260742188
0.008585929870605469
0.008570671081542969
0.00857686996459961
0.008586406707763672
0.008689165115356445
0.008579492568969727
0.00858306884765625
0.00860285758972168
0.008548974990844727
0.008593320846557617
0.008608102798461914
0.008597135543823242
0.00858449935913086
0.00861811637878418
0.008615255355834961
0.00861668586730957
0.008545398712158203
0.008582353591918945
0.008580923080444336
0.008572101593017578
0.00861215591430664
0.008606195449829102
0.008682727813720703
0.008554697036743164
0.008692502975463867
0.008624076843261719
0.008685827255249023
0.008568525314331055
0.00856781005859375
0.008609771728515625
0.00902867317199707
0.008867979049682617
0.012289047241210938
0.011679649353027344
0.01413583755493164
0.011891841888427734
0.015230417251586914
0.012017011642456055
0.011991739273071289
0.012069940567016602
0.01197504997253418
0.008585691452026367
0.008580923080444336
0.008632898330688477
0.008579254150390625
0.008585453033447266
0.00858926773071289
0.008563756942749023
0.00861215591430664
0.008567094802856445
0.008578062057495117
0.00851130485534668
0.008642911911010742
0.008597612380981445
0.008749008178710938
0.008612632751464844
0.008569002151489258
0.008646011352539062
0.008761167526245117
0.008564949035644531
0.012414932250976562
0.011810064315795898
0.011995792388916016
0.011945724487304688
0.01195979118347168
0.012145757675170898
0.011887073516845703
0.008501291275024414
0.008535623550415039
0.00848698616027832
0.008562326431274414
0.008573770523071289
0.008521795272827148
0.011699676513671875
0.008701086044311523
0.008517742156982422
0.008513450622558594
0.008554458618164062
0.009000539779663086
0.00851893424987793
0.008551597595214844
0.008543252944946289
0.00855112075805664
0.008526802062988281
0.008522987365722656
0.00853586196899414
0.00855875015258789
0.008556365966796875
0.008540868759155273
0.008438587188720703
0.008533954620361328
0.008541584014892578
0.008514642715454102
0.008544921875
0.008522987365722656
0.008562564849853516
0.008533239364624023
0.008531570434570312
0.00852060317993164
0.00854349136352539
0.00853109359741211
0.008559465408325195
0.008520364761352539
0.0085296630859375
0.008504867553710938
0.008514404296875
0.0084991455078125
0.008546590805053711
0.008546829223632812
0.008532524108886719
0.008542299270629883
0.00854039192199707
0.008570194244384766
0.008553028106689453
0.00860738754272461
0.008520126342773438
0.008586883544921875
0.008532047271728516
0.008540153503417969
0.008515119552612305
0.008555412292480469
0.008575439453125
0.008527278900146484
0.008525609970092773
0.008519411087036133
0.008594512939453125
0.008550882339477539
0.008535623550415039
0.00855112075805664
0.008651494979858398
0.008557319641113281
0.008530855178833008
0.008550643920898438
0.008556127548217773
0.008525848388671875
0.008549690246582031
0.008550643920898438
0.008560895919799805
0.00853729248046875
0.008531332015991211
0.00851893424987793
0.008529424667358398
0.008539199829101562
0.012447357177734375
0.011927366256713867
0.011972665786743164
0.013374090194702148
0.010031461715698242
0.008535385131835938
0.008534908294677734
0.008559465408325195
0.008563041687011719
0.008504629135131836
0.008543252944946289
0.008555412292480469
0.008536338806152344
0.008542060852050781
0.012274026870727539
0.011659622192382812
0.013378620147705078
0.011841535568237305
0.008536100387573242
0.01186370849609375
0.011648893356323242
0.011656045913696289
0.01150822639465332
0.012029170989990234
0.011438131332397461
0.011843442916870117
0.008252143859863281
0.011815786361694336
0.01353001594543457
0.014325141906738281
0.011694908142089844
0.013835668563842773
0.009766101837158203
0.00917363166809082
0.012130260467529297
0.011475563049316406
0.012423276901245117
0.009624242782592773
0.009148359298706055
0.009148836135864258
0.00917506217956543
0.009163618087768555
0.00915074348449707
0.009170293807983398
0.009141921997070312
0.0091705322265625
0.00919485092163086
0.009174823760986328
0.00915670394897461
0.009171724319458008
0.00915074348449707
0.011960268020629883
0.012201547622680664
0.011467933654785156
0.011581659317016602
0.012195110321044922
0.008301496505737305
0.008219718933105469
0.008275747299194336
0.008308172225952148
0.013809680938720703
0.008449554443359375
0.008365392684936523
0.008422136306762695
0.008463144302368164
0.010594606399536133
0.009237289428710938
0.012575626373291016
0.008300542831420898
0.008268594741821289
0.008353233337402344
0.012051105499267578
0.013555049896240234
0.011635065078735352
0.011831283569335938
0.011477947235107422
0.012246131896972656
0.012325525283813477
0.008347034454345703
0.008290290832519531
0.008365392684936523
0.012097358703613281
0.011528253555297852
0.011843442916870117
0.009441614151000977
0.008529901504516602
0.008564949035644531
0.008548736572265625
0.008561849594116211
0.00857686996459961
0.008542537689208984
0.008592367172241211
0.008574485778808594
0.008559465408325195
0.008562326431274414
0.008553743362426758
0.008506059646606445
0.008598089218139648
0.008516788482666016
0.008565187454223633
0.008529901504516602
0.008533239364624023
0.00844573974609375
0.008567571640014648
0.008590459823608398
0.008559465408325195
0.008560657501220703
0.008557319641113281
0.008558988571166992
0.00851893424987793
0.00853872299194336
0.008564949035644531
0.008542537689208984
0.008545637130737305
0.008529424667358398
0.008475542068481445
0.008559465408325195
0.008544921875
0.008579492568969727
0.008539915084838867
0.008560657501220703
0.00859379768371582
0.008563995361328125
0.008886098861694336
0.008968830108642578
0.008570671081542969
0.008575201034545898
0.008553266525268555
0.008595466613769531
0.008518457412719727
0.008551836013793945
0.008580207824707031
0.008545875549316406
0.008555173873901367
0.008582830429077148
0.00861668586730957
0.008536100387573242
0.008546829223632812
0.00856328010559082
0.008558988571166992
0.008547067642211914
0.008529901504516602
0.008526802062988281
0.008565187454223633
0.008561849594116211
0.00856161117553711
0.008858442306518555
0.00855708122253418
0.008567333221435547
0.008556842803955078
0.00855708122253418
0.008530378341674805
0.008542299270629883
0.00855112075805664
0.008550882339477539
0.008554697036743164
0.008579492568969727
0.008531808853149414
0.008559226989746094
0.00848388671875
0.008708953857421875
0.008856058120727539
0.008873939514160156
0.008719205856323242
0.00853109359741211
0.00846719741821289
0.008539438247680664
0.00856637954711914
0.008554458618164062
0.008862733840942383
0.00854039192199707
0.008583784103393555
0.00855565071105957
0.00851893424987793
0.008471488952636719
0.008545398712158203
0.008539438247680664
0.008566856384277344
0.00857853889465332
0.008549928665161133
0.008554220199584961
0.008533477783203125
0.008523225784301758
0.008529424667358398
0.008571147918701172
0.008534431457519531
0.008609294891357422
0.008581399917602539
0.008552312850952148
0.008560657501220703
0.008608341217041016
0.008582830429077148
0.008514404296875
0.008646011352539062
0.008543968200683594
0.008539915084838867
0.008554458618164062
0.008545637130737305
0.008659601211547852
0.008532524108886719
0.008528470993041992
0.008546829223632812
0.00857234001159668
0.008819341659545898
0.008553504943847656
0.008583307266235352
0.008932113647460938
0.008546829223632812
0.008598804473876953
0.008551597595214844
0.008587121963500977
0.008552074432373047
0.008555173873901367
0.00856924057006836
0.008569717407226562
0.008603811264038086
0.00852346420288086
0.008562088012695312
0.00857090950012207
0.008515357971191406
0.008579492568969727
0.008562326431274414
0.008547067642211914
0.008547306060791016
0.008569478988647461
0.008534431457519531
0.008492231369018555
0.00855255126953125
0.008550405502319336
0.008546113967895508
0.008509635925292969
0.008569717407226562
0.008542537689208984
0.008558034896850586
0.008533954620361328
0.008584976196289062
0.00856637954711914
0.00855708122253418
0.008547544479370117
0.00856328010559082
0.008474588394165039
0.008522510528564453
0.008537769317626953
0.008521795272827148
0.00856161117553711
0.008556365966796875
0.008538961410522461
0.008547782897949219
0.008538484573364258
0.008526086807250977
0.008554697036743164
0.008582830429077148
0.008534431457519531
0.008575677871704102
0.008570671081542969
0.008537530899047852
0.008474588394165039
0.008591413497924805
0.008569002151489258
0.008566617965698242
0.008559942245483398
0.008554458618164062
0.0085601806640625
0.008545398712158203
0.008549928665161133
0.008570432662963867
0.008573532104492188
0.008537054061889648
0.008545398712158203
0.00854182243347168
0.008545398712158203
0.009405374526977539
0.008606195449829102
0.008569002151489258
0.008500099182128906
0.008561849594116211
0.008781194686889648
0.008555412292480469
0.008536338806152344
0.00855112075805664
0.008560895919799805
0.008857011795043945
0.008579254150390625
0.008554935455322266
0.008551597595214844
0.008592844009399414
0.008565425872802734
0.008559226989746094
0.008590221405029297
0.008569002151489258
0.008583784103393555
0.008556365966796875
0.008517980575561523
0.008597612380981445
0.008569478988647461
0.008595705032348633
0.00853419303894043
0.008587360382080078
0.008554697036743164
0.008603572845458984
0.00854635238647461
0.008540868759155273
0.008558988571166992
0.008578062057495117
0.008599996566772461
0.00856471061706543
0.008662939071655273
0.008544206619262695
0.008947610855102539
0.008568286895751953
0.008524179458618164
0.00854182243347168
0.008566617965698242
0.008543968200683594
0.008563518524169922
0.008522987365722656
0.00859212875366211
0.008590221405029297
0.0085601806640625
0.008571624755859375
0.008562088012695312
0.008554935455322266
0.008555173873901367
0.008556365966796875
0.00856924057006836
0.008574724197387695
0.008526086807250977
0.00856924057006836
0.008560419082641602
0.008538007736206055
0.008529186248779297
0.008578777313232422
0.00855708122253418
0.008538007736206055
0.008568763732910156
0.008584976196289062
0.008553504943847656
0.00856161117553711
0.008533477783203125
0.008571386337280273
0.008556127548217773
0.008560657501220703
0.008577108383178711
0.008547782897949219
0.008567333221435547
0.008527040481567383
0.008561134338378906
0.008558034896850586
0.008603334426879883
0.008549213409423828
0.008552074432373047
0.008569002151489258
0.008509159088134766
0.008546113967895508
0.008574485778808594
0.00854349136352539
0.008559942245483398
0.008541584014892578
0.00862264633178711
0.008572578430175781
0.008563041687011719
0.008571624755859375
0.008584976196289062
0.008579015731811523
0.00856471061706543
0.008585929870605469
0.008591413497924805
0.008559703826904297
0.008568763732910156
0.008558034896850586
0.009107351303100586
0.008947372436523438
0.008554697036743164
0.008592605590820312
0.00856161117553711
0.00854802131652832
0.008573293685913086
0.008574247360229492
0.008916378021240234
0.008498907089233398
0.008554935455322266
0.008598804473876953
0.00858163833618164
0.008596181869506836
0.008575916290283203
0.008558988571166992
0.008549690246582031
0.008543968200683594
0.008496284484863281
0.008553743362426758
0.008552074432373047
0.008569002151489258
0.008559226989746094
0.008583784103393555
0.008567094802856445
0.008596658706665039
0.008554458618164062
0.008557558059692383
0.00857996940612793
0.008849620819091797
0.008551359176635742
0.008565425872802734
0.008585214614868164
0.008594512939453125
0.008548259735107422
0.008541584014892578
0.008543252944946289
0.008559465408325195
0.008537054061889648
0.008487224578857422
0.008574962615966797
0.00857234001159668
0.008480310440063477
0.008550643920898438
0.008551359176635742
0.00856637954711914
0.008535623550415039
0.008581876754760742
0.008586406707763672
0.008543252944946289
0.00857234001159668
0.00855708122253418
0.008523702621459961
0.008576631546020508
0.009340524673461914
0.008681058883666992
0.00853276252746582
0.008544683456420898
0.008566617965698242
0.008586883544921875
0.008574485778808594
0.008578062057495117
0.009171247482299805
0.008579015731811523
0.008583307266235352
0.008552312850952148
0.008563041687011719
0.00925588607788086
0.008852005004882812
0.00852823257446289
0.008571863174438477
0.00856781005859375
0.008625507354736328
0.00857234001159668
0.008525848388671875
0.008577585220336914
0.00857686996459961
0.008589744567871094
0.008572101593017578
0.008576393127441406
0.00856781005859375
0.008562326431274414
0.008544683456420898
0.008560895919799805
0.008549690246582031
0.012691497802734375
0.012253999710083008
0.012252330780029297
0.012381315231323242
0.012581825256347656
0.014225006103515625
0.012191057205200195
0.011625051498413086
0.012204170227050781
0.011481285095214844
0.013518333435058594
0.012201547622680664
0.014116287231445312
0.012689828872680664
0.009947776794433594
0.009130239486694336
0.009199142456054688
0.009185075759887695
0.009158611297607422
0.012248754501342773
0.014112710952758789
0.011683940887451172
0.009949684143066406
0.009212493896484375
0.009275436401367188
0.009202957153320312
