0.017862319946289062
0.016652345657348633
0.01197361946105957
0.01824021339416504
0.018547534942626953
0.017655134201049805
0.015077352523803711
0.015286445617675781
0.014399051666259766
0.013084173202514648
0.01512908935546875
0.014024019241333008
0.015337467193603516
0.014475822448730469
0.01537013053894043
0.016574859619140625
0.01484823226928711
0.01647663116455078
0.017098426818847656
0.015839815139770508
0.01815509796142578
0.014934062957763672
0.014621496200561523
0.01686239242553711
0.01949000358581543
0.016093730926513672
0.013833284378051758
0.014704704284667969
0.016514301300048828
0.014397859573364258
0.014690876007080078
0.017248153686523438
0.016891956329345703
0.016888856887817383
0.017678260803222656
0.01771235466003418
0.015012264251708984
0.016559123992919922
0.017392396926879883
0.016146183013916016
0.01321721076965332
0.013678550720214844
0.013389110565185547
0.012598752975463867
0.01534271240234375
0.015302419662475586
0.014439821243286133
0.010654211044311523
0.015121936798095703
0.01168680191040039
0.011332035064697266
0.011586904525756836
0.011838674545288086
0.01068115234375
0.011893510818481445
0.011753559112548828
0.011887550354003906
0.01262974739074707
0.011993885040283203
0.011959314346313477
0.010298728942871094
0.011307716369628906
0.011993646621704102
0.009667634963989258
0.011270523071289062
0.01221466064453125
0.012013673782348633
0.011762619018554688
0.011411666870117188
0.011922121047973633
0.012023687362670898
0.010863304138183594
0.011957168579101562
0.010791540145874023
0.010818719863891602
0.010684490203857422
0.01021885871887207
0.011384963989257812
0.011545658111572266
0.01143193244934082
0.012063264846801758
0.014257669448852539
0.010817766189575195
0.010744094848632812
0.012003421783447266
0.012573957443237305
0.012089252471923828
0.01199960708618164
0.011929512023925781
0.012243270874023438
0.01162576675415039
0.011008024215698242
0.010239839553833008
0.012041330337524414
0.011984586715698242
0.011389732360839844
0.012106657028198242
0.012037515640258789
0.011768579483032227
0.012059926986694336
0.011779069900512695
0.010694742202758789
0.011664867401123047
0.011342048645019531
0.01133584976196289
0.011617183685302734
0.011600255966186523
0.01147603988647461
0.011365890502929688
0.011725902557373047
0.011657476425170898
0.011972665786743164
0.01159977912902832
0.010244369506835938
0.011641263961791992
0.011494636535644531
0.010881423950195312
0.011162519454956055
0.011083602905273438
0.011884212493896484
0.011564016342163086
0.009181737899780273
0.011088848114013672
0.011925697326660156
0.010812520980834961
0.011383295059204102
0.011971473693847656
0.011920928955078125
0.010228633880615234
0.012056112289428711
0.011764764785766602
0.012417793273925781
0.011764049530029297
0.011458396911621094
0.012600898742675781
0.011968612670898438
0.01186370849609375
0.011573553085327148
0.01204681396484375
0.012044429779052734
0.011784076690673828
0.011664390563964844
0.014271259307861328
0.012397050857543945
0.011979818344116211
0.011840581893920898
0.011798858642578125
0.010845661163330078
0.011999368667602539
0.009828567504882812
0.011017799377441406
0.01202249526977539
0.012055397033691406
0.011951923370361328
0.012021780014038086
0.010724306106567383
0.010829925537109375
0.012151241302490234
0.010248422622680664
0.011209249496459961
0.011384248733520508
0.012046337127685547
0.012032032012939453
0.012706756591796875
0.012068510055541992
0.010871648788452148
0.010500431060791016
0.011933565139770508
0.01121973991394043
0.012042760848999023
0.012028932571411133
0.01201009750366211
0.012278079986572266
0.010074377059936523
0.011194229125976562
0.01181793212890625
0.01627182960510254
0.015409708023071289
0.012101173400878906
0.012082815170288086
0.011428117752075195
0.011279582977294922
0.011528491973876953
0.010335922241210938
0.01111745834350586
0.011784076690673828
0.012094497680664062
0.012054681777954102
0.011811017990112305
0.01197671890258789
0.012054443359375
0.010629653930664062
0.012092113494873047
0.011977195739746094
0.011760473251342773
0.011774063110351562
0.012072324752807617
0.012065649032592773
0.012098550796508789
0.012094497680664062
0.010973930358886719
0.01192164421081543
0.010172605514526367
0.011510372161865234
0.011938333511352539
0.011338472366333008
0.011896848678588867
0.00984811782836914
0.011511564254760742
0.00951838493347168
0.013095617294311523
0.011811494827270508
0.0111541748046875
0.010789871215820312
0.011545658111572266
0.016405105590820312
0.016968250274658203
0.014963626861572266
0.01497650146484375
0.013141393661499023
0.011153459548950195
0.011418581008911133
0.011634111404418945
0.011295318603515625
0.01162576675415039
0.011572599411010742
0.011591672897338867
0.011880636215209961
0.011858940124511719
0.011657953262329102
0.011909961700439453
0.012025594711303711
0.012851238250732422
0.012855052947998047
0.011366605758666992
0.010141134262084961
0.011904716491699219
0.010712385177612305
0.011552572250366211
0.011040210723876953
0.010596513748168945
0.011733055114746094
0.011794090270996094
0.011852502822875977
0.010338068008422852
0.010702848434448242
0.011598587036132812
0.011879444122314453
0.011211872100830078
0.011456489562988281
0.011605024337768555
0.011552572250366211
0.01174783706665039
0.010003328323364258
0.016257762908935547
0.01592087745666504
0.010493755340576172
0.011380672454833984
0.011683940887451172
0.008989334106445312
0.016715288162231445
0.010759115219116211
0.011636018753051758
0.010506629943847656
0.010881423950195312
0.010923147201538086
0.010535001754760742
0.011716365814208984
0.011675119400024414
0.011979341506958008
0.010518312454223633
0.010899066925048828
0.010729789733886719
0.011824369430541992
0.010604143142700195
0.011341333389282227
0.011029481887817383
0.011391878128051758
0.011824607849121094
0.011784553527832031
0.011481285095214844
0.01171565055847168
0.011350154876708984
0.011454105377197266
0.011595487594604492
0.01166081428527832
0.011722803115844727
0.011164665222167969
0.011867046356201172
0.011785507202148438
0.011314630508422852
0.01038217544555664
0.010501384735107422
0.011145830154418945
0.011682510375976562
0.011977195739746094
0.011944055557250977
0.01709461212158203
0.01724553108215332
0.016025781631469727
0.016801834106445312
0.017095088958740234
0.015851259231567383
0.015955448150634766
0.015032291412353516
0.01831793785095215
0.013222932815551758
0.01404881477355957
0.014327764511108398
0.014205694198608398
0.014150857925415039
0.01398324966430664
0.014192581176757812
0.013355016708374023
0.018275976181030273
0.016088008880615234
0.012310028076171875
0.014842033386230469
0.012089014053344727
0.010649442672729492
0.017284393310546875
0.01584792137145996
0.019678354263305664
0.015124320983886719
0.012042045593261719
0.012097835540771484
0.012029886245727539
0.0113372802734375
0.012045621871948242
0.011987447738647461
0.011235952377319336
0.012082576751708984
0.011902570724487305
0.011893033981323242
0.012038230895996094
0.011460542678833008
0.011476278305053711
0.011686325073242188
0.012070417404174805
0.011982202529907227
0.010932445526123047
0.01067042350769043
0.010896921157836914
0.012122154235839844
0.011228561401367188
0.01185464859008789
0.011948823928833008
0.011695384979248047
0.011554956436157227
0.009841680526733398
0.01108241081237793
0.009144067764282227
0.011816263198852539
0.012075424194335938
0.011429071426391602
0.012142658233642578
0.011161565780639648
0.011197805404663086
0.012002706527709961
0.012029647827148438
0.011970043182373047
0.011838912963867188
0.012022256851196289
0.011336326599121094
0.009966373443603516
0.011785507202148438
0.011482477188110352
0.011296749114990234
0.010831356048583984
0.011169910430908203
0.012079715728759766
0.009894132614135742
0.011797189712524414
0.010414838790893555
0.012048721313476562
0.010929346084594727
0.012012004852294922
0.011917829513549805
0.011993885040283203
0.011990785598754883
0.01149606704711914
0.01062917709350586
0.011522293090820312
0.011495590209960938
0.010703563690185547
0.012157201766967773
0.012000083923339844
0.011715412139892578
0.011780023574829102
0.011310100555419922
0.010803461074829102
0.011261940002441406
0.012064933776855469
0.011559724807739258
0.010631084442138672
0.011441469192504883
0.011554241180419922
0.010277271270751953
0.01202845573425293
0.012034893035888672
0.011454343795776367
0.011533975601196289
0.012061119079589844
0.010282754898071289
0.012006521224975586
0.011752128601074219
0.011800765991210938
0.012862443923950195
0.014570951461791992
0.016411542892456055
0.012228965759277344
0.018025636672973633
0.018576860427856445
0.015564203262329102
0.015421628952026367
0.014906883239746094
0.011058568954467773
0.011214017868041992
0.01177668571472168
0.010921001434326172
0.010140657424926758
0.013687372207641602
0.011508464813232422
0.011888980865478516
0.009809017181396484
0.01129913330078125
0.010270357131958008
0.011191844940185547
0.011628389358520508
0.011594057083129883
0.012084245681762695
0.010353565216064453
0.011356353759765625
0.012082099914550781
0.01337122917175293
0.013328790664672852
0.01687479019165039
0.016557931900024414
0.016850948333740234
0.015498638153076172
0.016117572784423828
0.01769280433654785
0.017480134963989258
0.011861085891723633
0.011152982711791992
0.010487079620361328
0.010859489440917969
0.012009382247924805
0.011942148208618164
0.016877412796020508
0.012017488479614258
0.011924028396606445
0.011980772018432617
0.011987686157226562
0.011103391647338867
0.01070094108581543
0.011136770248413086
0.010720252990722656
0.010839462280273438
0.011938333511352539
0.01195383071899414
0.011397123336791992
0.01116633415222168
0.011944770812988281
0.011394023895263672
0.011859655380249023
0.011992216110229492
0.010993242263793945
0.012012004852294922
0.011652946472167969
0.011191606521606445
0.010949373245239258
0.011419057846069336
0.011393070220947266
0.011965751647949219
0.011653661727905273
0.011178255081176758
0.009908199310302734
0.010586977005004883
0.01100015640258789
0.01036524772644043
0.010222196578979492
0.011965751647949219
0.010297536849975586
0.01184988021850586
0.01192617416381836
0.011556386947631836
0.011849641799926758
0.011142730712890625
0.011942863464355469
0.012021541595458984
0.010920286178588867
0.011853694915771484
0.01203608512878418
0.011207103729248047
0.011930704116821289
0.010927677154541016
0.012017011642456055
0.012103557586669922
0.01064300537109375
0.011864900588989258
0.012013673782348633
0.01104116439819336
0.011962652206420898
0.009023189544677734
0.012037992477416992
0.010320425033569336
0.011572599411010742
0.015256643295288086
0.01194143295288086
0.010905742645263672
0.010883331298828125
0.011097431182861328
0.01154780387878418
0.011757612228393555
0.01174473762512207
0.01108860969543457
0.011991024017333984
0.010729789733886719
0.01512002944946289
0.01524972915649414
0.014884471893310547
0.01626420021057129
0.012019634246826172
0.011956453323364258
0.01150965690612793
0.011555671691894531
0.011855840682983398
0.010180950164794922
0.011073589324951172
0.010364055633544922
0.010856866836547852
0.011930227279663086
0.01706528663635254
0.015818119049072266
0.016260385513305664
0.017604351043701172
0.012035608291625977
0.015679121017456055
0.016030073165893555
0.015759944915771484
0.01565694808959961
0.014750003814697266
0.01427459716796875
0.013370275497436523
0.011571407318115234
0.016298294067382812
0.016598224639892578
0.018604516983032227
0.016448259353637695
0.016010761260986328
0.01276850700378418
0.012708187103271484
0.018413543701171875
0.01427149772644043
0.013483524322509766
0.012515544891357422
0.012660980224609375
0.012151002883911133
0.012717723846435547
0.012763500213623047
0.010909557342529297
0.01168370246887207
0.01206660270690918
0.01150655746459961
0.011093616485595703
0.012591123580932617
0.011217117309570312
0.012451887130737305
0.012582778930664062
0.015569686889648438
0.01762104034423828
0.013214588165283203
0.01611804962158203
0.015569448471069336
0.011475086212158203
0.011544466018676758
0.011522769927978516
0.010859966278076172
0.017847299575805664
0.011213302612304688
0.010127544403076172
0.010851144790649414
0.011318206787109375
0.013901472091674805
0.011790275573730469
0.017259597778320312
0.011630058288574219
0.01166081428527832
0.012073040008544922
0.01619863510131836
0.01606154441833496
0.016266345977783203
0.01652073860168457
0.018857479095458984
0.018550634384155273
0.013913154602050781
0.011638879776000977
0.011690378189086914
0.010144472122192383
0.018646955490112305
0.016251325607299805
0.014083147048950195
0.01190495491027832
0.01136159896850586
0.011724233627319336
0.01130986213684082
0.011967897415161133
0.011982917785644531
0.011959552764892578
0.011922597885131836
0.011765480041503906
0.01192927360534668
0.010788917541503906
0.01105356216430664
0.01103973388671875
0.011390209197998047
0.01200413703918457
0.01198720932006836
0.011845588684082031
0.00947117805480957
0.01198577880859375
0.011557817459106445
0.01074075698852539
0.011938095092773438
0.011232376098632812
0.011865377426147461
0.010428428649902344
0.010417461395263672
0.01109457015991211
0.010696172714233398
0.011966705322265625
0.01198124885559082
0.011953115463256836
0.010958671569824219
0.011143684387207031
0.011252641677856445
0.01192927360534668
0.012031316757202148
0.012018918991088867
0.011989116668701172
0.011159658432006836
0.011922359466552734
0.01218724250793457
0.011989831924438477
0.011951446533203125
0.011425495147705078
0.009176969528198242
0.011451005935668945
0.010937690734863281
0.010630130767822266
0.011929988861083984
0.011023521423339844
0.011322975158691406
0.011982202529907227
0.011916399002075195
0.010768413543701172
0.01200413703918457
0.011920928955078125
0.011308908462524414
0.01110529899597168
0.011919021606445312
0.011968851089477539
0.01055765151977539
0.011241436004638672
0.010883092880249023
0.011730432510375977
0.012001752853393555
0.010971307754516602
0.012151479721069336
0.011405229568481445
0.01134181022644043
0.010883569717407227
0.011970281600952148
0.011299371719360352
0.009890317916870117
0.01133871078491211
0.011846065521240234
0.009884119033813477
0.011324882507324219
0.011020898818969727
0.011815309524536133
0.01136469841003418
0.012017965316772461
0.011853218078613281
0.01193690299987793
0.011599302291870117
0.011852502822875977
0.011409997940063477
0.01197052001953125
0.010991096496582031
0.01147603988647461
0.011741876602172852
0.01183462142944336
0.009873151779174805
0.011881589889526367
0.010695457458496094
0.010653018951416016
0.00965118408203125
0.011901617050170898
0.011864185333251953
0.011956453323364258
0.010404825210571289
0.01167154312133789
0.010825157165527344
0.0115509033203125
0.010869741439819336
0.011719703674316406
0.010655879974365234
0.01138448715209961
0.01201176643371582
0.01052713394165039
0.009351253509521484
0.011901140213012695
0.010452985763549805
0.011989593505859375
0.011649608612060547
0.011920690536499023
0.011978387832641602
0.011909008026123047
0.011795520782470703
0.010871648788452148
0.021117448806762695
0.012076377868652344
0.011569976806640625
0.01026010513305664
0.011803627014160156
0.011372089385986328
0.011321067810058594
0.010704994201660156
0.012007951736450195
0.011501312255859375
0.011595726013183594
0.011031389236450195
0.012017965316772461
0.011833906173706055
0.011475086212158203
0.01189565658569336
0.01091146469116211
0.011106729507446289
0.011667728424072266
0.011220216751098633
0.01067209243774414
0.01201772689819336
0.012304544448852539
0.011688947677612305
0.011574506759643555
0.011916637420654297
0.012033462524414062
0.012007474899291992
0.011341333389282227
0.011976003646850586
0.010515451431274414
0.011947870254516602
0.011991739273071289
0.010796785354614258
0.010789871215820312
0.011970281600952148
0.011463403701782227
0.011939525604248047
0.011199712753295898
0.01087331771850586
0.011399507522583008
0.009702682495117188
0.011935710906982422
0.012001991271972656
0.011453628540039062
0.010710716247558594
0.011951446533203125
0.011620759963989258
0.011359691619873047
0.012001514434814453
0.011920690536499023
0.011153221130371094
0.011204004287719727
0.009732246398925781
0.011968612670898438
0.012049674987792969
0.012026548385620117
0.012001991271972656
0.011568784713745117
0.011696338653564453
0.010336160659790039
0.010973691940307617
0.011181354522705078
0.011871576309204102
0.012021541595458984
0.011916637420654297
0.011993885040283203
0.01203608512878418
0.011862039566040039
0.012033700942993164
0.011826276779174805
0.011194467544555664
0.011732816696166992
0.01233053207397461
0.011027336120605469
0.011133909225463867
0.011633872985839844
0.012430906295776367
0.012083292007446289
0.012044906616210938
0.010732173919677734
0.011191129684448242
0.011047601699829102
0.012038469314575195
0.011552572250366211
0.011448383331298828
0.012054920196533203
0.00941920280456543
0.01203155517578125
0.01027226448059082
0.012054204940795898
0.009597063064575195
0.011739730834960938
0.01204228401184082
0.012110233306884766
0.011699438095092773
0.011301040649414062
0.010143280029296875
0.012092351913452148
0.012056112289428711
0.01120901107788086
0.01202082633972168
0.01192164421081543
0.01103067398071289
0.01179051399230957
0.012948274612426758
0.01085209846496582
0.009336471557617188
0.01182699203491211
0.010891437530517578
0.011957883834838867
0.010666847229003906
0.011940240859985352
0.011054754257202148
0.011980295181274414
0.01199793815612793
0.011731624603271484
0.012318134307861328
0.00974273681640625
0.011444807052612305
0.011950254440307617
0.011892080307006836
0.009482860565185547
0.011754274368286133
0.010898590087890625
0.011801481246948242
0.009716510772705078
0.01199960708618164
0.012001752853393555
0.011804580688476562
0.011371612548828125
0.011017084121704102
0.010952949523925781
0.012074947357177734
0.011045694351196289
0.011207818984985352
0.01099085807800293
0.009781360626220703
0.012030601501464844
0.011708974838256836
0.011573076248168945
0.011834383010864258
0.010694742202758789
0.011607646942138672
0.011640548706054688
0.010404109954833984
0.011300325393676758
0.0120391845703125
0.011791467666625977
0.01204991340637207
0.011037349700927734
0.012064695358276367
0.012033224105834961
0.011844158172607422
0.01141357421875
0.01149606704711914
0.011166810989379883
0.01172184944152832
0.011518239974975586
0.011061429977416992
0.011208057403564453
0.012048482894897461
0.012030839920043945
0.012062788009643555
0.012045860290527344
0.010701417922973633
0.011906147003173828
0.01206350326538086
0.012115716934204102
0.010869503021240234
0.01090383529663086
0.010956525802612305
0.011593818664550781
0.012009382247924805
0.011365175247192383
0.010612010955810547
0.009320735931396484
0.011675357818603516
0.010605335235595703
0.011022567749023438
0.012069463729858398
0.010528564453125
0.010783910751342773
0.011869668960571289
0.01202535629272461
0.009572982788085938
0.012009143829345703
0.012029886245727539
0.010313272476196289
0.011610746383666992
0.011995077133178711
0.00923013687133789
0.01074671745300293
0.009791374206542969
0.012016773223876953
0.011758089065551758
0.01200103759765625
0.011996030807495117
0.01145029067993164
0.01056671142578125
0.011963605880737305
0.012052536010742188
0.011027336120605469
0.012017965316772461
0.011912822723388672
0.011855125427246094
0.010601282119750977
0.010223150253295898
0.011462688446044922
0.011081933975219727
0.01180720329284668
0.01176142692565918
0.010924816131591797
0.011791467666625977
0.011174917221069336
0.011101245880126953
0.012130975723266602
0.011165857315063477
0.010672807693481445
0.01198124885559082
0.011024236679077148
0.011222362518310547
0.009460210800170898
0.011767864227294922
0.012009620666503906
0.01105356216430664
0.011595964431762695
0.009927511215209961
0.011945724487304688
0.011513471603393555
0.011576414108276367
0.010985612869262695
0.0118865966796875
0.011163711547851562
0.011091232299804688
0.012063264846801758
0.010953187942504883
0.012230157852172852
0.012070655822753906
0.010686874389648438
0.012003421783447266
0.011644124984741211
0.011803627014160156
0.01201772689819336
0.010760307312011719
0.01136922836303711
0.011933088302612305
0.011800289154052734
0.012029170989990234
0.011415243148803711
0.010216474533081055
0.011360645294189453
0.01843404769897461
0.018999814987182617
0.018967866897583008
0.01908254623413086
0.019034147262573242
0.01639246940612793
0.019022464752197266
0.015961408615112305
0.0190584659576416
0.013432741165161133
0.015079975128173828
0.019323348999023438
0.017104625701904297
0.014483451843261719
0.01299595832824707
0.011268138885498047
0.012196063995361328
0.012277364730834961
0.011150836944580078
0.015461206436157227
0.019411325454711914
0.01634836196899414
0.013262748718261719
0.01119852066040039
0.012800455093383789
0.012816905975341797
