0.007508993148803711
0.009852409362792969
0.006492137908935547
0.009740114212036133
0.009619712829589844
0.00957179069519043
0.007482290267944336
0.007067680358886719
0.007075309753417969
0.007077217102050781
0.007134199142456055
0.0071375370025634766
0.007119417190551758
0.0071027278900146484
0.009036779403686523
0.009151458740234375
0.008989334106445312
0.009250164031982422
0.011014938354492188
0.009049415588378906
0.009713411331176758
0.007659196853637695
0.00705409049987793
0.007093906402587891
0.008573055267333984
0.008986473083496094
0.007094860076904297
0.007071733474731445
0.009043693542480469
0.009055614471435547
0.009045839309692383
0.009320974349975586
0.009037017822265625
0.009292840957641602
0.009172439575195312
0.00916433334350586
0.009366035461425781
0.008879899978637695
0.009392261505126953
0.009143352508544922
0.007025003433227539
0.008029699325561523
0.007781028747558594
0.008867025375366211
0.00884866714477539
0.00710606575012207
0.008897781372070312
0.0064373016357421875
0.008876562118530273
0.006447315216064453
0.00644993782043457
0.00641942024230957
0.006428956985473633
0.006421566009521484
0.006438255310058594
0.0064220428466796875
0.0064508914947509766
0.006456851959228516
0.006471395492553711
0.006449460983276367
0.0064754486083984375
0.0064547061920166016
0.0064449310302734375
0.006464481353759766
0.006465435028076172
0.0067119598388671875
0.0064356327056884766
0.0064542293548583984
0.00641942024230957
0.006471157073974609
0.006444692611694336
0.006473541259765625
0.006461620330810547
0.006470203399658203
0.006437778472900391
0.006434917449951172
0.00643157958984375
0.006544589996337891
0.006727695465087891
0.006438016891479492
0.006444454193115234
0.0070989131927490234
0.00646519660949707
0.007197141647338867
0.006490945816040039
0.006440639495849609
0.006493330001831055
0.006435871124267578
0.006451606750488281
0.0067250728607177734
0.006453990936279297
0.006454944610595703
0.006455898284912109
0.006443977355957031
0.006433248519897461
0.006427288055419922
0.006452798843383789
0.0064585208892822266
0.006461143493652344
0.006434917449951172
0.00644683837890625
0.006418704986572266
0.0064318180084228516
0.0064356327056884766
0.006440401077270508
0.006446123123168945
0.006448507308959961
0.006463289260864258
0.0064389705657958984
0.006456136703491211
0.0064465999603271484
0.0064432621002197266
0.006470203399658203
0.006432533264160156
0.00644683837890625
0.006452083587646484
0.006434202194213867
0.006418466567993164
0.006450653076171875
0.006461381912231445
0.006440162658691406
0.006447315216064453
0.006456613540649414
0.0067234039306640625
0.006426572799682617
0.006430149078369141
0.0064814090728759766
0.006464719772338867
0.006450176239013672
0.006448030471801758
0.006427764892578125
0.0065844058990478516
0.006442546844482422
0.006429433822631836
0.006422519683837891
0.0064504146575927734
0.006432294845581055
0.006445407867431641
0.006459951400756836
0.006445884704589844
0.006415128707885742
0.006448030471801758
0.008952856063842773
0.0073435306549072266
0.006428956985473633
0.006421089172363281
0.0064737796783447266
0.0064487457275390625
0.0064389705657958984
0.006476163864135742
0.006464481353759766
0.006442070007324219
0.006456851959228516
0.006452083587646484
0.00644993782043457
0.00692439079284668
0.0064373016357421875
0.0064313411712646484
0.0069429874420166016
0.006446123123168945
0.006428241729736328
0.006434440612792969
0.0064661502838134766
0.008789300918579102
0.006457805633544922
0.006456136703491211
0.0064046382904052734
0.006437778472900391
0.006463766098022461
0.006447315216064453
0.006459712982177734
0.006442070007324219
0.006734132766723633
0.006458759307861328
0.0064661502838134766
0.006436347961425781
0.008813619613647461
0.008880376815795898
0.006440639495849609
0.006459236145019531
0.006451845169067383
0.0064661502838134766
0.006480216979980469
0.006440639495849609
0.0064661502838134766
0.006438732147216797
0.00648045539855957
0.006469249725341797
0.006477832794189453
0.006465911865234375
0.0064525604248046875
0.006454944610595703
0.006516456604003906
0.00646662712097168
0.006505012512207031
0.00643467903137207
0.0064580440521240234
0.006506919860839844
0.006459236145019531
0.0064694881439208984
0.006452798843383789
0.0064580440521240234
0.0064547061920166016
0.00642848014831543
0.006444454193115234
0.006447553634643555
0.006459951400756836
0.0064661502838134766
0.0064465999603271484
0.006451606750488281
0.008883476257324219
0.006289243698120117
0.0063664913177490234
0.006281375885009766
0.00639033317565918
0.010360479354858398
0.009886741638183594
0.00984644889831543
0.00869131088256836
0.007237434387207031
0.0063478946685791016
0.006238222122192383
0.006357431411743164
0.006575584411621094
0.006275653839111328
0.006384849548339844
0.006253957748413086
0.006349325180053711
0.006297111511230469
0.006970405578613281
0.006946563720703125
0.006944417953491211
0.006988048553466797
0.006970643997192383
0.006977081298828125
0.00693058967590332
0.0069348812103271484
0.006808042526245117
0.006247520446777344
0.006282806396484375
0.0062863826751708984
0.006242513656616211
0.006362438201904297
0.0063321590423583984
0.006244182586669922
0.006341695785522461
0.006252765655517578
0.0064394474029541016
0.0062885284423828125
0.006267547607421875
0.006270408630371094
0.006236553192138672
0.00635981559753418
0.007204532623291016
0.008768558502197266
0.009565591812133789
0.006335735321044922
0.006272077560424805
0.006235837936401367
0.006249189376831055
0.010414600372314453
0.006252288818359375
0.006328105926513672
0.0077784061431884766
0.0062482357025146484
0.006234169006347656
0.006273031234741211
0.00628972053527832
0.0062716007232666016
0.006558656692504883
0.006248950958251953
0.006279468536376953
0.006291389465332031
0.006360769271850586
0.006528615951538086
0.0062596797943115234
0.0062329769134521484
0.006264925003051758
0.006308555603027344
0.006367921829223633
0.006257295608520508
0.0064013004302978516
0.00630950927734375
0.006308078765869141
0.006377696990966797
0.0062749385833740234
0.006314754486083984
0.006264209747314453
0.00627899169921875
0.006366729736328125
0.0062596797943115234
0.006392002105712891
0.006263256072998047
0.006267547607421875
0.006360769271850586
0.006988525390625
0.006308794021606445
0.009051084518432617
0.00888371467590332
0.006282329559326172
0.008810281753540039
0.009077072143554688
0.009915590286254883
0.009467601776123047
0.00736689567565918
0.008766412734985352
0.006479978561401367
0.00650477409362793
0.0064373016357421875
0.006459712982177734
0.006450653076171875
0.006501674652099609
0.006490230560302734
0.006507396697998047
0.008897542953491211
0.009044170379638672
0.0073015689849853516
0.008812665939331055
0.006866931915283203
0.006534099578857422
0.01076650619506836
0.00871419906616211
0.00872492790222168
0.008159875869750977
0.00652766227722168
0.006474494934082031
0.006482601165771484
0.0064923763275146484
0.006455898284912109
0.0064961910247802734
0.006469011306762695
0.0064868927001953125
0.006482839584350586
0.0064907073974609375
0.006478548049926758
0.006460666656494141
0.0064849853515625
0.006539106369018555
0.006487369537353516
0.006509065628051758
0.0064885616302490234
0.006462812423706055
0.006475925445556641
0.006477832794189453
0.006472349166870117
0.006510496139526367
0.006487369537353516
0.006486415863037109
0.006472587585449219
0.0064885616302490234
0.006488800048828125
0.00648045539855957
0.0064847469329833984
0.006495952606201172
0.00652003288269043
0.0064852237701416016
0.006470441818237305
0.006463527679443359
0.006474733352661133
0.006478309631347656
0.006510734558105469
0.006476879119873047
0.006507158279418945
0.0064849853515625
0.006546497344970703
0.006493330001831055
0.006469249725341797
0.006478309631347656
0.006480216979980469
0.00649261474609375
0.006484270095825195
0.006463289260864258
0.00647735595703125
0.006475687026977539
0.006460666656494141
0.0065042972564697266
0.006467580795288086
0.006518840789794922
0.006455183029174805
0.006509065628051758
0.00664973258972168
0.0064847469329833984
0.006479740142822266
0.006500244140625
0.006478786468505859
0.006463527679443359
0.006485700607299805
0.0065004825592041016
0.006486177444458008
0.0064678192138671875
0.006481647491455078
0.006476163864135742
0.006465435028076172
0.006572246551513672
0.006494760513305664
0.00646662712097168
0.006519794464111328
0.006490945816040039
0.0064754486083984375
0.006490945816040039
0.0064847469329833984
0.006474733352661133
0.006505012512207031
0.00647282600402832
0.0064852237701416016
0.006484508514404297
0.006737470626831055
0.0066378116607666016
0.009198427200317383
0.008835792541503906
0.00683140754699707
0.008981704711914062
0.011197090148925781
0.00921487808227539
0.009118318557739258
0.009120941162109375
0.007647514343261719
0.006514549255371094
0.00647282600402832
0.006512880325317383
0.0065059661865234375
0.006546497344970703
0.006487369537353516
0.006493330001831055
0.006493091583251953
0.006624698638916016
0.0064961910247802734
0.0064623355865478516
0.006484508514404297
0.006463527679443359
0.00652623176574707
0.006506919860839844
0.006455659866333008
0.006525516510009766
0.006443023681640625
0.0064089298248291016
0.009459733963012695
0.008954286575317383
0.009053945541381836
0.009091377258300781
0.00928807258605957
0.010518789291381836
0.009007453918457031
0.006433963775634766
0.006470680236816406
0.006421089172363281
0.006443977355957031
0.006461620330810547
0.0064411163330078125
0.008828163146972656
0.006493568420410156
0.0064373016357421875
0.006445169448852539
0.006449222564697266
0.0065348148345947266
0.006437778472900391
0.006434917449951172
0.0064542293548583984
0.006453990936279297
0.006434917449951172
0.006476163864135742
0.006455898284912109
0.006455898284912109
0.006422996520996094
0.0064465999603271484
0.0063898563385009766
0.006449460983276367
0.006438255310058594
0.006444454193115234
0.006462574005126953
0.006435871124267578
0.0064623355865478516
0.006436586380004883
0.00644373893737793
0.006423234939575195
0.006444454193115234
0.006427764892578125
0.006445884704589844
0.006443500518798828
0.006433963775634766
0.006423473358154297
0.006443977355957031
0.006422996520996094
0.0064504146575927734
0.006445646286010742
0.0064432621002197266
0.006465435028076172
0.00644683837890625
0.00645136833190918
0.006462574005126953
0.00646519660949707
0.006450653076171875
0.0064544677734375
0.0064487457275390625
0.006449222564697266
0.006437778472900391
0.006429910659790039
0.006469249725341797
0.0064198970794677734
0.006476163864135742
0.006433725357055664
0.006461381912231445
0.006446361541748047
0.006445407867431641
0.0064699649810791016
0.0064601898193359375
0.006465435028076172
0.006465911865234375
0.006872892379760742
0.00645136833190918
0.0064239501953125
0.006464481353759766
0.006471157073974609
0.006436586380004883
0.006434440612792969
0.006436824798583984
0.006468057632446289
0.006459951400756836
0.006430864334106445
0.009186029434204102
0.008983612060546875
0.00875401496887207
0.009514570236206055
0.007410764694213867
0.006452798843383789
0.0064623355865478516
0.0064487457275390625
0.006455898284912109
0.00642704963684082
0.006451129913330078
0.006436347961425781
0.006444215774536133
0.0064449310302734375
0.009233474731445312
0.00905466079711914
0.009563207626342773
0.00898885726928711
0.006465911865234375
0.009004831314086914
0.008707284927368164
0.00877690315246582
0.008689403533935547
0.009405851364135742
0.008720636367797852
0.008620262145996094
0.006255388259887695
0.008924007415771484
0.00959920883178711
0.010779619216918945
0.008802652359008789
0.009212493896484375
0.00719141960144043
0.006903409957885742
0.009159088134765625
0.00875234603881836
0.008962869644165039
0.007152557373046875
0.006943941116333008
0.006922245025634766
0.0069179534912109375
0.006907224655151367
0.00691676139831543
0.006935834884643555
0.006917238235473633
0.006926059722900391
0.006931304931640625
0.006927490234375
0.006928205490112305
0.0069124698638916016
0.006931304931640625
0.009003400802612305
0.009225606918334961
0.008810043334960938
0.008760213851928711
0.009248018264770508
0.006256580352783203
0.006208896636962891
0.006344318389892578
0.006310462951660156
0.010398387908935547
0.006262302398681641
0.006333589553833008
0.006303071975708008
0.006349802017211914
0.0077610015869140625
0.0069539546966552734
0.009598016738891602
0.0062825679779052734
0.006257772445678711
0.006930351257324219
0.008887529373168945
0.00971078872680664
0.008850574493408203
0.008885383605957031
0.010854721069335938
0.009153127670288086
0.009258508682250977
0.006275653839111328
0.006352901458740234
0.006341695785522461
0.009169340133666992
0.00888371467590332
0.008440494537353516
0.0069713592529296875
0.006430387496948242
0.00646209716796875
0.0064563751220703125
0.006465435028076172
0.006479024887084961
0.006473064422607422
0.00644373893737793
0.006472110748291016
0.006452798843383789
0.006478071212768555
0.0064449310302734375
0.0064280033111572266
0.006435871124267578
0.006455421447753906
0.006456136703491211
0.00646519660949707
0.006456851959228516
0.0064465999603271484
0.00646519660949707
0.006470203399658203
0.006442546844482422
0.006450653076171875
0.006467103958129883
0.006451129913330078
0.0064449310302734375
0.0064618587493896484
0.006468534469604492
0.0064198970794677734
0.0064334869384765625
0.006459951400756836
0.006433725357055664
0.006460428237915039
0.006449460983276367
0.006490230560302734
0.0064847469329833984
0.006470203399658203
0.006447792053222656
0.0064771175384521484
0.006464958190917969
0.006473064422607422
0.006473064422607422
0.006655216217041016
0.006426572799682617
0.006463527679443359
0.006444692611694336
0.006459236145019531
0.006464242935180664
0.006442070007324219
0.0064716339111328125
0.006463527679443359
0.006462812423706055
0.006461381912231445
0.0064618587493896484
0.006486415863037109
0.0064542293548583984
0.006439924240112305
0.0064771175384521484
0.0064239501953125
0.006464958190917969
0.006483554840087891
0.0064771175384521484
0.0064585208892822266
0.006448507308959961
0.006452083587646484
0.00644683837890625
0.006458759307861328
0.00645756721496582
0.006443977355957031
0.006455421447753906
0.006443500518798828
0.0064733028411865234
0.006457328796386719
0.007008552551269531
0.006458282470703125
0.006452322006225586
0.0064580440521240234
0.006760120391845703
0.006458759307861328
0.006478309631347656
0.006455421447753906
0.006434440612792969
0.006477832794189453
0.006466865539550781
0.0071179866790771484
0.006501913070678711
0.0064656734466552734
0.0064640045166015625
0.006450653076171875
0.006451845169067383
0.006438732147216797
0.006472110748291016
0.006440162658691406
0.006493091583251953
0.006493330001831055
0.0064618587493896484
0.006464242935180664
0.006443023681640625
0.00645756721496582
0.006459712982177734
0.0064656734466552734
0.006432771682739258
0.006488800048828125
0.006459712982177734
0.006482362747192383
0.006450176239013672
0.0064847469329833984
0.00646519660949707
0.0064394474029541016
0.006447553634643555
0.006445407867431641
0.0064585208892822266
0.00646662712097168
0.006467580795288086
0.006510496139526367
0.006447315216064453
0.006444454193115234
0.006475210189819336
0.0064542293548583984
0.0064656734466552734
0.006464719772338867
0.006472349166870117
0.006736278533935547
0.006481647491455078
0.006498575210571289
0.006448268890380859
0.006493091583251953
0.006452798843383789
0.0064373016357421875
0.006429433822631836
0.0064847469329833984
0.006460905075073242
0.0064601898193359375
0.0064697265625
0.0064544677734375
0.006453752517700195
0.006461381912231445
0.006741523742675781
0.006464958190917969
0.0064547061920166016
0.0064678192138671875
0.006742238998413086
0.0064280033111572266
0.006463050842285156
0.006465911865234375
0.006459236145019531
0.006437063217163086
0.006430149078369141
0.006482839584350586
0.006447315216064453
0.006457328796386719
0.00646662712097168
0.006483554840087891
0.0064601898193359375
0.00644683837890625
0.006470680236816406
0.0064356327056884766
0.006463289260864258
0.006436824798583984
0.006434440612792969
0.006451606750488281
0.006444454193115234
0.006440877914428711
0.0064487457275390625
0.006459236145019531
0.006457805633544922
0.0064487457275390625
0.006456851959228516
0.006451129913330078
0.006462812423706055
0.006475687026977539
0.00646662712097168
0.0064239501953125
0.006453990936279297
0.006473064422607422
0.006459474563598633
0.006475925445556641
0.006463527679443359
0.0064351558685302734
0.006421327590942383
0.0067539215087890625
0.006445407867431641
0.006450176239013672
0.006467342376708984
0.0064640045166015625
0.0064656734466552734
0.006447315216064453
0.006717681884765625
0.00646662712097168
0.0064699649810791016
0.006475687026977539
0.0064601898193359375
0.0064983367919921875
0.006439924240112305
0.00647735595703125
0.006445169448852539
0.007105588912963867
0.0064923763275146484
0.006452798843383789
0.00647282600402832
0.0064585208892822266
0.0064542293548583984
0.006450176239013672
0.006752490997314453
0.0064852237701416016
0.006463289260864258
0.006469249725341797
0.006488800048828125
0.006439208984375
0.006754636764526367
0.0064678192138671875
0.006494998931884766
0.00646519660949707
0.006479501724243164
0.006506681442260742
0.0064334869384765625
0.006441593170166016
0.006462812423706055
0.0064656734466552734
0.0064563751220703125
0.006444215774536133
0.006486177444458008
0.0064849853515625
0.006442546844482422
0.006489753723144531
0.0064868927001953125
0.006448507308959961
0.006479501724243164
0.0064389705657958984
0.006478309631347656
0.006450653076171875
0.006447315216064453
0.006444454193115234
0.0064580440521240234
0.0064656734466552734
0.006458282470703125
0.00674891471862793
0.0067555904388427734
0.006446123123168945
0.0064389705657958984
0.0064544677734375
0.006791114807128906
0.006432771682739258
0.006467103958129883
0.0064544677734375
0.006453037261962891
0.006467580795288086
0.00645756721496582
0.00648188591003418
0.006440162658691406
0.006433963775634766
0.006473064422607422
0.00644373893737793
0.0064449310302734375
0.006789445877075195
0.0064885616302490234
0.006461381912231445
0.006440162658691406
0.006456613540649414
0.006451845169067383
0.006468772888183594
0.0064640045166015625
0.006454944610595703
0.0064394474029541016
0.006456613540649414
0.006449699401855469
0.0064656734466552734
0.006475925445556641
0.006421804428100586
0.006465911865234375
0.006467580795288086
0.006464958190917969
0.0064525604248046875
0.006496429443359375
0.006495475769042969
0.0064640045166015625
0.006474018096923828
0.006455421447753906
0.006452798843383789
0.00644993782043457
0.006450176239013672
0.006463766098022461
0.006460428237915039
0.006444215774536133
0.0064508914947509766
0.006438732147216797
0.006471872329711914
0.006760358810424805
0.00646662712097168
0.0064542293548583984
0.006451845169067383
0.006473541259765625
0.0064678192138671875
0.006473541259765625
0.006474494934082031
0.006444692611694336
0.0064394474029541016
0.006496429443359375
0.006464958190917969
0.0064601898193359375
0.006463766098022461
0.006452322006225586
0.006438016891479492
0.006479740142822266
0.006437063217163086
0.006443977355957031
0.006484508514404297
0.006491184234619141
0.006445884704589844
0.006468772888183594
0.0064547061920166016
0.0064640045166015625
0.006458759307861328
0.006443500518798828
0.0064618587493896484
0.0064923763275146484
0.006452083587646484
0.006457090377807617
0.006465911865234375
0.006491184234619141
0.0064563751220703125
0.00644683837890625
0.0064678192138671875
0.0064830780029296875
0.006451845169067383
0.006435394287109375
0.006476163864135742
0.006482839584350586
0.00643467903137207
0.006460905075073242
0.00646662712097168
0.0064697265625
0.006456613540649414
0.006449222564697266
0.006464481353759766
0.0064544677734375
0.006468057632446289
0.00646662712097168
0.006463527679443359
0.0064623355865478516
0.006728172302246094
0.006486415863037109
0.006476163864135742
0.0064775943756103516
0.00648045539855957
0.006482124328613281
0.006449222564697266
0.0064585208892822266
0.006458282470703125
0.0064504146575927734
0.0064544677734375
0.006464719772338867
0.006485700607299805
0.006667137145996094
0.006486415863037109
0.00645899772644043
0.006486415863037109
0.0064868927001953125
0.006483316421508789
0.006466388702392578
0.0064640045166015625
0.006475925445556641
0.006455421447753906
0.006486177444458008
0.0064623355865478516
0.006467342376708984
0.006457090377807617
0.006470203399658203
0.006467103958129883
0.006478309631347656
0.00675654411315918
0.009246587753295898
0.009250164031982422
0.009380340576171875
0.009224891662597656
0.009264707565307617
0.010777711868286133
0.009295940399169922
0.008762359619140625
0.009196758270263672
0.008805274963378906
0.009678125381469727
0.009232759475708008
0.010756492614746094
0.009217500686645508
0.007212400436401367
0.006937265396118164
0.006925344467163086
0.006937503814697266
0.006918668746948242
0.010683059692382812
0.010704755783081055
0.00888371467590332
0.007517099380493164
0.006967067718505859
0.006953716278076172
0.00697779655456543
