0.2788686752319336
0.05336165428161621
0.050313472747802734
0.053609371185302734
0.04564929008483887
0.04546189308166504
0.043010711669921875
0.04300045967102051
0.04317927360534668
0.04313516616821289
0.043094635009765625
0.04305434226989746
0.04310870170593262
0.04306650161743164
0.043085575103759766
0.04474020004272461
0.04314827919006348
0.04311704635620117
0.04316520690917969
0.04330301284790039
0.043218135833740234
0.04319643974304199
0.043337106704711914
0.04317212104797363
0.04327082633972168
0.0460362434387207
0.043209075927734375
0.04325222969055176
0.04329252243041992
0.04327821731567383
0.0473027229309082
0.04324173927307129
0.04327678680419922
0.04317784309387207
0.04313349723815918
0.04313826560974121
0.04320979118347168
0.043166160583496094
0.04324817657470703
0.0432133674621582
0.0433039665222168
0.04315042495727539
0.043198347091674805
0.043183326721191406
0.043265581130981445
0.0435633659362793
0.04328751564025879
0.04326486587524414
0.043320417404174805
0.04322957992553711
0.0433046817779541
0.0433049201965332
0.043259620666503906
0.043239593505859375
0.043268680572509766
0.04323625564575195
0.04329085350036621
0.0432734489440918
0.04326176643371582
0.04322671890258789
0.043276309967041016
0.04999113082885742
0.04330945014953613
0.05051231384277344
0.04340958595275879
0.04329109191894531
0.043296098709106445
0.04326367378234863
0.04332256317138672
0.043279170989990234
0.04331254959106445
0.04341244697570801
0.0433199405670166
0.043302059173583984
0.04338383674621582
0.04325580596923828
0.043408870697021484
0.04326367378234863
0.043348073959350586
0.04335474967956543
0.04335165023803711
0.04340243339538574
0.04360222816467285
0.04345273971557617
0.043443918228149414
0.043338775634765625
0.043351173400878906
0.043337345123291016
0.04335808753967285
0.04333925247192383
0.043398141860961914
0.043360233306884766
0.044294118881225586
0.04343914985656738
0.043366193771362305
0.04338717460632324
0.04335832595825195
0.04338526725769043
0.04334759712219238
0.043354034423828125
0.04337334632873535
0.04338645935058594
0.04337811470031738
0.04336690902709961
0.04335904121398926
0.04339289665222168
0.052520751953125
0.04344511032104492
0.04336261749267578
0.04341840744018555
0.043390512466430664
0.04689455032348633
0.04345369338989258
0.04341769218444824
0.049414873123168945
0.04873299598693848
0.049222469329833984
0.04348182678222656
0.04352593421936035
0.04337882995605469
0.04341006278991699
0.0434415340423584
0.043478965759277344
0.04337906837463379
0.043326377868652344
0.04340338706970215
0.04338955879211426
0.04336094856262207
0.04334759712219238
0.043416738510131836
0.043404340744018555
0.043381452560424805
0.043395042419433594
0.043370962142944336
0.0434112548828125
0.0433807373046875
0.043373823165893555
0.044190168380737305
0.043379783630371094
0.04339456558227539
0.0435030460357666
0.04345297813415527
0.04852485656738281
0.04342222213745117
0.04335641860961914
0.04340648651123047
0.04345893859863281
0.043494224548339844
0.04346323013305664
0.0491490364074707
0.04341554641723633
0.043427228927612305
0.046515703201293945
0.044361114501953125
0.044927358627319336
0.043447256088256836
0.04338717460632324
0.04340314865112305
0.04338550567626953
0.04337906837463379
0.04350471496582031
0.043731689453125
0.04365682601928711
0.043648481369018555
0.043631792068481445
0.0436398983001709
0.04361295700073242
0.04364752769470215
0.04386639595031738
0.04378533363342285
0.04373621940612793
0.04373741149902344
0.04991555213928223
0.04383444786071777
0.04924201965332031
0.04372549057006836
0.04380512237548828
0.0437619686126709
0.04381513595581055
0.043811798095703125
0.043764352798461914
0.04427194595336914
0.04375934600830078
0.043749094009399414
0.043770551681518555
0.043772220611572266
0.0437924861907959
0.043752193450927734
0.04378390312194824
0.04375457763671875
0.04381132125854492
0.043729543685913086
0.04381871223449707
0.04378008842468262
0.047860145568847656
0.04374384880065918
0.04380989074707031
0.04385972023010254
0.04372811317443848
0.043762922286987305
0.04374837875366211
0.04370236396789551
0.04376983642578125
0.043788909912109375
0.04963374137878418
0.04754948616027832
0.04376983642578125
0.043771982192993164
0.043723106384277344
0.043685197830200195
0.04369187355041504
0.043665409088134766
0.04367399215698242
0.0436398983001709
0.0437014102935791
0.0436396598815918
0.043675899505615234
0.04368734359741211
0.04368758201599121
0.04365229606628418
0.04366302490234375
0.043659210205078125
0.043641090393066406
0.043666839599609375
0.04369950294494629
0.043678998947143555
0.04373812675476074
0.04367256164550781
0.04368448257446289
0.04364156723022461
0.04366588592529297
0.04368877410888672
0.04368329048156738
0.04365801811218262
0.0436701774597168
0.043671369552612305
0.043634653091430664
0.04368996620178223
0.04370617866516113
0.043668508529663086
0.04364824295043945
0.0436859130859375
0.043670654296875
0.043666839599609375
0.04366278648376465
0.043643951416015625
0.0437159538269043
0.04368472099304199
0.04367709159851074
0.04386019706726074
0.04362797737121582
0.043721675872802734
0.04372286796569824
0.043662309646606445
0.0436553955078125
0.04369354248046875
0.043668508529663086
0.043627023696899414
0.04385519027709961
0.04399752616882324
0.04385042190551758
0.04386019706726074
0.04384136199951172
0.043836355209350586
0.04383230209350586
0.043868303298950195
0.043892860412597656
0.04387474060058594
0.04386448860168457
0.04386305809020996
0.04384136199951172
0.043894290924072266
0.04378867149353027
0.043874502182006836
0.044034481048583984
0.0438845157623291
0.04387068748474121
0.04405474662780762
0.04390215873718262
0.04385256767272949
0.043903350830078125
0.04387855529785156
0.043859004974365234
0.04385685920715332
0.04390430450439453
0.0439753532409668
0.043834686279296875
0.043869733810424805
0.04382658004760742
0.043869972229003906
0.04384422302246094
0.04387950897216797
0.0439000129699707
0.0438838005065918
0.04382491111755371
0.043862104415893555
0.043952226638793945
0.043944358825683594
0.043857574462890625
0.043953657150268555
0.043831825256347656
0.04387354850769043
0.04398632049560547
0.043903350830078125
0.043973684310913086
0.04387402534484863
0.04388070106506348
0.043959856033325195
0.043946266174316406
0.043924570083618164
0.04390215873718262
0.04385662078857422
0.04383230209350586
0.04386258125305176
0.04387712478637695
0.04390406608581543
0.043869972229003906
0.043869972229003906
0.043808698654174805
0.04386186599731445
0.04385042190551758
0.04390764236450195
0.04385685920715332
0.04383563995361328
0.04382824897766113
0.043852806091308594
0.04384183883666992
0.043872833251953125
0.04388022422790527
0.04389309883117676
0.04386448860168457
0.04384040832519531
0.04379987716674805
0.043847084045410156
0.04386019706726074
0.04387211799621582
0.04391121864318848
0.04386425018310547
0.04385495185852051
0.04387664794921875
0.04382181167602539
0.043827056884765625
0.04389333724975586
0.043846845626831055
0.04387402534484863
0.043886661529541016
0.04383349418640137
0.043848276138305664
0.04383540153503418
0.04381752014160156
0.04386019706726074
0.04383254051208496
0.043909311294555664
0.04388308525085449
0.04384899139404297
0.04388618469238281
0.043854475021362305
0.04386782646179199
0.043877363204956055
0.04388594627380371
0.04387044906616211
0.04387497901916504
0.043869972229003906
0.043875694274902344
0.04385042190551758
0.04384136199951172
0.043842315673828125
0.04386734962463379
0.04389023780822754
0.04385018348693848
0.04386734962463379
0.04387784004211426
0.043884992599487305
0.04388999938964844
0.04389810562133789
0.04387640953063965
0.04384255409240723
0.04383254051208496
0.04385232925415039
0.043836116790771484
0.04386568069458008
0.0439457893371582
0.043875694274902344
0.04384970664978027
0.04387807846069336
0.04392194747924805
0.043892621994018555
0.04388904571533203
0.04386138916015625
0.04386305809020996
0.04385185241699219
0.04386496543884277
0.043868064880371094
0.04385185241699219
0.04387187957763672
0.04395246505737305
0.04392600059509277
0.04384660720825195
0.04385185241699219
0.04383587837219238
0.043969154357910156
0.04386401176452637
0.04406404495239258
0.043842315673828125
0.043936967849731445
0.04393124580383301
0.043909311294555664
0.04387307167053223
0.043910980224609375
0.04389619827270508
0.04385805130004883
0.04385256767272949
0.04389524459838867
0.043833017349243164
0.04389309883117676
0.043976545333862305
0.04383969306945801
0.04384112358093262
0.04388117790222168
0.043927669525146484
0.04406332969665527
0.04391360282897949
0.043909311294555664
0.04399299621582031
0.04387235641479492
0.043912649154663086
0.04394412040710449
0.04431271553039551
0.04400515556335449
0.04401135444641113
0.04406595230102539
0.044017791748046875
0.04402732849121094
0.043997764587402344
0.044051408767700195
0.044092655181884766
0.0461883544921875
0.04390668869018555
0.04395580291748047
0.04391193389892578
0.04398655891418457
0.04403066635131836
0.04404568672180176
0.044007062911987305
0.04399442672729492
0.043949127197265625
0.047730207443237305
0.04392838478088379
0.043949127197265625
0.04395794868469238
0.04396224021911621
0.04392743110656738
0.04396390914916992
0.04394102096557617
0.04399514198303223
0.044008493423461914
0.04398655891418457
0.044072866439819336
0.043942928314208984
0.04394698143005371
0.043970584869384766
0.04603695869445801
0.048803091049194336
0.04405403137207031
0.043918609619140625
0.04402804374694824
0.04393625259399414
0.0439143180847168
0.04398798942565918
0.04394960403442383
0.04391360282897949
0.04398798942565918
0.04389643669128418
0.0440211296081543
0.04405999183654785
0.04398012161254883
0.04390835762023926
0.04395031929016113
0.04397702217102051
0.043953895568847656
0.04391026496887207
0.043956756591796875
0.04394340515136719
0.04392433166503906
0.043916940689086914
0.04394268989562988
0.043956756591796875
0.0439302921295166
0.043927907943725586
0.04389309883117676
0.04394125938415527
0.04396700859069824
0.04392504692077637
0.04391217231750488
0.04394197463989258
0.04391813278198242
0.04394054412841797
0.04395580291748047
0.04388594627380371
0.04396557807922363
0.04396653175354004
0.04388427734375
0.04390525817871094
0.043913841247558594
0.04390573501586914
0.04393362998962402
0.043946266174316406
0.04391050338745117
0.043956756591796875
0.04391765594482422
0.043962717056274414
0.04393148422241211
0.04390692710876465
0.043897390365600586
0.04392647743225098
0.043930768966674805
0.04391288757324219
0.04389834403991699
0.04390716552734375
0.043914079666137695
0.04390692710876465
0.043895721435546875
0.043965816497802734
0.04397416114807129
0.04392600059509277
0.0439603328704834
0.04389524459838867
0.04391050338745117
0.04394054412841797
0.043903350830078125
0.04390525817871094
0.04393959045410156
0.04394650459289551
0.04394721984863281
0.043909549713134766
0.04387807846069336
0.0438995361328125
0.043920040130615234
0.04392552375793457
0.04392671585083008
0.043953895568847656
0.043913841247558594
0.043933868408203125
0.044028520584106445
0.04393339157104492
0.04394030570983887
0.0439150333404541
0.04392552375793457
0.043943166732788086
0.04394721984863281
0.04395937919616699
0.04389142990112305
0.04392433166503906
0.043970584869384766
0.04395174980163574
0.04390072822570801
0.04393792152404785
0.043967485427856445
0.043944597244262695
0.04390549659729004
0.043947696685791016
0.04388713836669922
0.04389524459838867
0.04392647743225098
0.043883562088012695
0.043900489807128906
0.0438995361328125
0.04389357566833496
0.04401350021362305
0.04397892951965332
0.04390239715576172
0.043950796127319336
0.04389476776123047
0.04394888877868652
0.04391145706176758
0.044057607650756836
0.043921470642089844
0.04391360282897949
0.04395699501037598
0.04398608207702637
0.043929100036621094
0.043900489807128906
0.043924570083618164
0.04394674301147461
0.043915510177612305
0.04390144348144531
0.04391837120056152
0.043985843658447266
0.0443422794342041
0.043931007385253906
0.046627044677734375
0.04398345947265625
0.04391932487487793
0.04627490043640137
0.04394364356994629
0.04393649101257324
0.04393935203552246
0.043935537338256836
0.04391026496887207
0.043921470642089844
0.04897451400756836
0.04389786720275879
0.04387974739074707
0.04393410682678223
0.04393362998962402
0.044095516204833984
0.044016361236572266
0.048827409744262695
0.043985843658447266
0.043973684310913086
0.04392051696777344
0.04394102096557617
0.043970584869384766
0.04393362998962402
0.04394268989562988
0.0439760684967041
0.043877601623535156
0.04405498504638672
0.044081926345825195
0.04390287399291992
0.04392218589782715
0.04401564598083496
0.04398393630981445
0.04400491714477539
0.04391598701477051
0.043932437896728516
0.04408979415893555
0.04395890235900879
0.04396319389343262
0.04394173622131348
0.043933868408203125
0.043916940689086914
0.043886423110961914
0.0439150333404541
0.04391121864318848
0.0438840389251709
0.04395937919616699
0.04398632049560547
0.04394340515136719
0.04392647743225098
0.0441136360168457
0.04433751106262207
0.04424691200256348
0.04423713684082031
0.044300079345703125
0.044237613677978516
0.04414224624633789
0.044234275817871094
0.04647397994995117
0.044196367263793945
0.044219255447387695
0.04423952102661133
0.04424691200256348
0.04414629936218262
0.044198036193847656
0.04414796829223633
0.04410958290100098
0.044130563735961914
0.04411005973815918
0.04425477981567383
0.044277191162109375
0.04414677619934082
0.0441279411315918
0.0441739559173584
0.04411149024963379
0.04413962364196777
0.04425191879272461
0.044100284576416016
0.04414796829223633
0.04413580894470215
0.04416370391845703
0.044095516204833984
0.0441136360168457
0.044183969497680664
0.0441129207611084
0.0441439151763916
0.04408073425292969
0.04413938522338867
0.04419708251953125
0.04424881935119629
0.04762911796569824
0.04422593116760254
0.044142961502075195
0.04421806335449219
0.044232845306396484
0.044272661209106445
0.04410600662231445
0.04411005973815918
0.044142723083496094
0.044100284576416016
0.04410672187805176
0.04411053657531738
0.04408884048461914
0.04411506652832031
0.04422354698181152
0.04423856735229492
0.0440821647644043
0.04408740997314453
0.044199228286743164
0.044187068939208984
0.04425454139709473
0.044109344482421875
0.04417896270751953
0.044241905212402344
0.0442194938659668
0.04426288604736328
0.04422712326049805
0.044141530990600586
0.04417252540588379
0.04419302940368652
0.04427194595336914
0.04413270950317383
0.044124603271484375
0.0441434383392334
0.044263601303100586
0.044150590896606445
0.04414820671081543
0.04418492317199707
0.04417061805725098
0.04423379898071289
0.04415559768676758
0.04425835609436035
0.04417157173156738
0.0474245548248291
0.04417133331298828
0.04414176940917969
0.04425644874572754
0.04415416717529297
0.0440826416015625
0.04410433769226074
0.044118642807006836
0.0440981388092041
0.04412722587585449
0.04409027099609375
0.044109344482421875
0.04406476020812988
0.044110774993896484
0.044122934341430664
0.04414057731628418
0.04412531852722168
0.044188499450683594
0.044072628021240234
0.04420804977416992
0.044255971908569336
0.044243812561035156
0.044182538986206055
0.04411435127258301
0.044235944747924805
0.04413580894470215
0.04411196708679199
0.0442347526550293
0.044103384017944336
0.04411196708679199
0.04410552978515625
0.04412221908569336
0.04412221908569336
0.04407143592834473
0.04412651062011719
0.0441129207611084
0.04418444633483887
0.04412031173706055
0.04418683052062988
0.0441737174987793
0.04410195350646973
0.04409360885620117
0.044069766998291016
0.044081687927246094
0.04408383369445801
0.04424476623535156
0.04666781425476074
0.044203996658325195
0.04429793357849121
0.04412221908569336
0.04417681694030762
0.04417586326599121
0.04419112205505371
0.04425311088562012
0.044139862060546875
0.044141292572021484
0.04411768913269043
0.04411911964416504
0.04418134689331055
0.04419517517089844
0.04420065879821777
0.044222354888916016
0.04422187805175781
0.04410696029663086
0.04416632652282715
0.044144392013549805
0.04413866996765137
0.04411196708679199
0.04411435127258301
0.04422402381896973
0.04425048828125
0.051909685134887695
0.04426908493041992
0.04425787925720215
0.0442657470703125
0.04425787925720215
0.04411196708679199
0.04411435127258301
0.04410886764526367
0.04410696029663086
0.044196367263793945
0.044176340103149414
0.04423689842224121
0.04424595832824707
0.044217824935913086
0.04413270950317383
0.044121742248535156
0.04416346549987793
0.04413175582885742
0.04413795471191406
0.04410719871520996
0.04416608810424805
0.04414081573486328
0.0442354679107666
0.04420614242553711
0.04410099983215332
0.04422259330749512
0.04423379898071289
0.044225454330444336
0.04419684410095215
0.044174909591674805
0.04423856735229492
0.04428410530090332
0.04426765441894531
0.04422426223754883
0.044149160385131836
0.04423356056213379
0.04430055618286133
0.044284820556640625
0.04994773864746094
0.044189453125
0.04419970512390137
0.04424333572387695
0.04424881935119629
0.04414057731628418
0.04424166679382324
0.04429149627685547
0.04427051544189453
0.044213056564331055
0.04424595832824707
0.04417109489440918
0.04412198066711426
0.04412388801574707
0.04417991638183594
0.04419255256652832
0.04412484169006348
0.044722795486450195
0.044185638427734375
0.0442352294921875
0.04421114921569824
0.04427599906921387
0.04409599304199219
0.04414725303649902
0.044194698333740234
0.04423236846923828
0.044240474700927734
0.04417824745178223
0.04413199424743652
0.04422903060913086
0.04409170150756836
0.04415774345397949
0.04426264762878418
0.04415440559387207
0.04414081573486328
0.04419231414794922
0.04429125785827637
0.044208526611328125
0.049570322036743164
0.04421639442443848
0.04427981376647949
0.04418802261352539
0.044278621673583984
0.044243812561035156
0.04413414001464844
0.044141292572021484
0.044106483459472656
0.04413485527038574
0.044289350509643555
0.04427075386047363
0.04428839683532715
0.04424118995666504
0.0442814826965332
0.04423332214355469
0.04423832893371582
0.0442502498626709
0.04422903060913086
0.04923391342163086
0.044363975524902344
0.044144630432128906
0.044103145599365234
0.04413604736328125
0.04417872428894043
0.04418182373046875
0.04429817199707031
0.0441131591796875
0.04421424865722656
0.04416155815124512
0.044148921966552734
0.04414820671081543
0.04424023628234863
0.04425835609436035
0.04413151741027832
0.04414558410644531
0.047654151916503906
0.04694962501525879
0.04424619674682617
0.04420590400695801
0.04424858093261719
0.044214725494384766
0.044135093688964844
0.044202327728271484
0.0496823787689209
0.04420924186706543
0.04420781135559082
0.044236183166503906
0.04418158531188965
0.04421043395996094
0.04412579536437988
0.04409956932067871
0.04416084289550781
0.044257402420043945
0.04420042037963867
0.044206857681274414
0.04426908493041992
0.044248342514038086
0.04618406295776367
0.04418015480041504
0.04415583610534668
0.04412841796875
0.04414534568786621
0.04418826103210449
0.04418349266052246
0.04414772987365723
0.04419732093811035
0.044236183166503906
0.04423260688781738
0.0441133975982666
0.044139862060546875
0.044123172760009766
0.04416227340698242
0.044258832931518555
0.047575950622558594
0.04416203498840332
0.04419517517089844
0.04418134689331055
0.04415273666381836
0.04413771629333496
0.04412651062011719
0.044126272201538086
0.04413795471191406
0.04429006576538086
0.04424428939819336
0.04517984390258789
0.04416847229003906
0.04425954818725586
0.04430747032165527
0.04421424865722656
0.044150590896606445
0.04423165321350098
0.04422616958618164
0.04419136047363281
0.04419279098510742
0.04553580284118652
0.04412436485290527
0.04412245750427246
0.04413938522338867
0.04414796829223633
0.04410529136657715
0.04420661926269531
0.04778242111206055
0.04417920112609863
0.044251203536987305
0.04421091079711914
0.048912763595581055
0.044156551361083984
0.0442814826965332
0.04425454139709473
0.044223785400390625
0.04784035682678223
0.04422903060913086
0.04423046112060547
0.04415726661682129
0.04421639442443848
0.049318790435791016
0.04424118995666504
0.04420661926269531
0.0441439151763916
0.04410052299499512
0.044124603271484375
0.044194936752319336
0.04414677619934082
0.044153690338134766
0.04414248466491699
0.044229745864868164
0.044168949127197266
0.04414558410644531
0.044153690338134766
