0.008098125457763672
0.00873422622680664
0.007917642593383789
0.009417295455932617
0.008488655090332031
0.008626937866210938
0.008452892303466797
0.008428573608398438
0.008287906646728516
0.007888317108154297
0.007756948471069336
0.007651805877685547
0.0076372623443603516
0.0076220035552978516
0.007695674896240234
0.010661125183105469
0.009647846221923828
0.01374053955078125
0.009568929672241211
0.009936332702636719
0.010294198989868164
0.007353067398071289
0.010519981384277344
0.010286331176757812
0.007908821105957031
0.011678218841552734
0.008483409881591797
0.009929180145263672
0.009729862213134766
0.007177114486694336
0.012021780014038086
0.0072727203369140625
0.0071260929107666016
0.007175922393798828
0.0071718692779541016
0.0069713592529296875
0.007062196731567383
0.01022648811340332
0.00892019271850586
0.011423826217651367
0.008743762969970703
0.009204387664794922
0.008756875991821289
0.009552478790283203
0.00873112678527832
0.011985540390014648
0.007192373275756836
0.007158994674682617
0.006995439529418945
0.007002830505371094
0.007082223892211914
0.0069582462310791016
0.00700688362121582
0.0068776607513427734
0.0069141387939453125
0.0068700313568115234
0.00701904296875
0.0068836212158203125
0.007025480270385742
0.007109165191650391
0.00736236572265625
0.009622573852539062
0.012484073638916016
0.008219003677368164
0.0068356990814208984
0.007019519805908203
0.006991147994995117
0.006917476654052734
0.007082700729370117
0.00695347785949707
0.007037162780761719
0.010273456573486328
0.00828862190246582
0.006947040557861328
0.010312318801879883
0.007037639617919922
0.009668350219726562
0.007016897201538086
0.008223295211791992
0.008213996887207031
0.007671356201171875
0.007620096206665039
0.007926225662231445
0.0076372623443603516
0.011740684509277344
0.0069692134857177734
0.006922245025634766
0.00692296028137207
0.00690460205078125
0.0069887638092041016
0.007030010223388672
0.006900310516357422
0.008776664733886719
0.007712841033935547
0.0076067447662353516
0.007643461227416992
0.007683515548706055
0.007703065872192383
0.007643222808837891
0.007609844207763672
0.007593870162963867
0.006974697113037109
0.0066242218017578125
0.006616830825805664
0.006653785705566406
0.007207155227661133
0.011069536209106445
0.010336637496948242
0.007425069808959961
0.006960391998291016
0.011458158493041992
0.009017705917358398
0.008574962615966797
0.010705232620239258
0.01167917251586914
0.009150505065917969
0.01164698600769043
0.008531808853149414
0.012074470520019531
0.0075871944427490234
0.010897636413574219
0.007989168167114258
0.007781505584716797
0.008119344711303711
0.006688594818115234
0.007557392120361328
0.006952762603759766
0.006993293762207031
0.006937980651855469
0.00700831413269043
0.007681846618652344
0.007658243179321289
0.007643699645996094
0.007664203643798828
0.0069010257720947266
0.007013559341430664
0.006947755813598633
0.011383056640625
0.006895542144775391
0.006942272186279297
0.011250495910644531
0.010299205780029297
0.008494377136230469
0.007941246032714844
0.0068628787994384766
0.012202739715576172
0.0077092647552490234
0.010340213775634766
0.01126861572265625
0.010900259017944336
0.012087106704711914
0.010934591293334961
0.009135007858276367
0.010471820831298828
0.011854887008666992
0.0076105594635009766
0.007646083831787109
0.008222341537475586
0.007882356643676758
0.007708549499511719
0.007645368576049805
0.006847858428955078
0.006929159164428711
0.006839275360107422
0.006945610046386719
0.0069463253021240234
0.007085084915161133
0.007129192352294922
0.010226011276245117
0.010256290435791016
0.007151365280151367
0.009925365447998047
0.010771036148071289
0.010077238082885742
0.011416435241699219
0.00911259651184082
0.010489463806152344
0.010070562362670898
0.010326385498046875
0.010456085205078125
0.010302066802978516
0.011691093444824219
0.010850667953491211
0.007937192916870117
0.010231256484985352
0.010325431823730469
0.011842489242553711
0.010017156600952148
0.010316848754882812
0.009769916534423828
0.010361909866333008
0.010024309158325195
0.010331869125366211
0.007710695266723633
0.0074045658111572266
0.010091066360473633
0.011517047882080078
0.010883331298828125
0.010367870330810547
0.009577035903930664
0.008799076080322266
0.010325193405151367
0.00962209701538086
0.010081291198730469
0.011276006698608398
0.011496305465698242
0.010329723358154297
0.007696628570556641
0.0076253414154052734
0.007652759552001953
0.007100582122802734
0.007111787796020508
0.007119655609130859
0.007075071334838867
0.007161855697631836
0.0071146488189697266
0.007165431976318359
0.007114410400390625
0.007123470306396484
0.007114410400390625
0.007109165191650391
0.007172107696533203
0.007112264633178711
0.007298469543457031
0.007184505462646484
0.007081031799316406
0.007180452346801758
0.007150888442993164
0.007117509841918945
0.00711822509765625
0.00711512565612793
0.007216691970825195
0.007129192352294922
0.007124662399291992
0.007138967514038086
0.007075071334838867
0.007101297378540039
0.007162332534790039
0.007101297378540039
0.00712132453918457
0.007044315338134766
0.007105112075805664
0.007116079330444336
0.007116079330444336
0.00710606575012207
0.007117271423339844
0.007290363311767578
0.007079124450683594
0.007091045379638672
0.007513761520385742
0.0071048736572265625
0.007540702819824219
0.007187843322753906
0.007210969924926758
0.0071103572845458984
0.007147312164306641
0.007129192352294922
0.0071506500244140625
0.006833791732788086
0.006983757019042969
0.007074832916259766
0.006902217864990234
0.006921291351318359
0.006988525390625
0.006962776184082031
0.0069904327392578125
0.00701594352722168
0.006870746612548828
0.006997346878051758
0.006578683853149414
0.0067217350006103516
0.0068035125732421875
0.006715536117553711
0.0068781375885009766
0.01009678840637207
0.0067174434661865234
0.0066831111907958984
0.008616924285888672
0.006731510162353516
0.007004737854003906
0.006806612014770508
0.007649421691894531
0.007615804672241211
0.007596731185913086
0.0076045989990234375
0.007932424545288086
0.0076406002044677734
0.00763392448425293
0.0076351165771484375
0.0076329708099365234
0.007642507553100586
0.007634162902832031
0.006875038146972656
0.0067386627197265625
0.0066258907318115234
0.006699085235595703
0.010159492492675781
0.006898641586303711
0.011683225631713867
0.008169889450073242
0.007675647735595703
0.007675886154174805
0.007959842681884766
0.007714748382568359
0.00991678237915039
0.006783723831176758
0.00702357292175293
0.007738351821899414
0.00881195068359375
0.012080192565917969
0.007790565490722656
0.00708460807800293
0.007091522216796875
0.007157087326049805
0.007104158401489258
0.007099151611328125
0.007378339767456055
0.007109165191650391
0.007116079330444336
0.007108449935913086
0.007101774215698242
0.0070993900299072266
0.007090091705322266
0.007109403610229492
0.007102251052856445
0.0070803165435791016
0.007118940353393555
0.007073879241943359
0.007076740264892578
0.007126808166503906
0.0070993900299072266
0.007116794586181641
0.007203578948974609
0.007102251052856445
0.007101774215698242
0.0071184635162353516
0.00713038444519043
0.007108449935913086
0.007126569747924805
0.00710296630859375
0.007088184356689453
0.007100582122802734
0.007087230682373047
0.007103443145751953
0.007139682769775391
0.007099151611328125
0.007101535797119141
0.007099151611328125
0.0071260929107666016
0.007110595703125
0.007099628448486328
0.007105350494384766
0.00714421272277832
0.0071108341217041016
0.00710749626159668
0.00711512565612793
0.007128000259399414
0.007105827331542969
0.007136821746826172
0.007097482681274414
0.007094860076904297
0.007107734680175781
0.007124900817871094
0.007103443145751953
0.007128238677978516
0.007108449935913086
0.007133960723876953
0.007153987884521484
0.007088661193847656
0.0071086883544921875
0.007114887237548828
0.0071489810943603516
0.00710296630859375
0.007079601287841797
0.007131338119506836
0.007165193557739258
0.007177591323852539
0.007085323333740234
0.007124900817871094
0.007109642028808594
0.007222175598144531
0.007102012634277344
0.007117271423339844
0.007130861282348633
0.007095813751220703
0.007203578948974609
0.007164478302001953
0.007117748260498047
0.007256746292114258
0.007044315338134766
0.006870269775390625
0.007008552551269531
0.006940364837646484
0.006971120834350586
0.008320808410644531
0.006978750228881836
0.006963253021240234
0.006911754608154297
0.006916999816894531
0.006975412368774414
0.00713348388671875
0.0069353580474853516
0.011457204818725586
0.0068531036376953125
0.008672952651977539
0.007702827453613281
0.007644176483154297
0.00767207145690918
0.007790327072143555
0.006968975067138672
0.006903886795043945
0.006986379623413086
0.007078886032104492
0.0072574615478515625
0.007000923156738281
0.0069103240966796875
0.006893634796142578
0.0068967342376708984
0.006949424743652344
0.011199235916137695
0.011598348617553711
0.0068743228912353516
0.006847381591796875
0.007765769958496094
0.007663249969482422
0.0076296329498291016
0.010144472122192383
0.011330127716064453
0.009028196334838867
0.010277509689331055
0.010246992111206055
0.008452177047729492
0.010004758834838867
0.010183572769165039
0.010201692581176758
0.011377811431884766
0.011450529098510742
0.007636308670043945
0.00758814811706543
0.007623195648193359
0.010152578353881836
0.010241985321044922
0.010576248168945312
0.00767207145690918
0.010162353515625
0.007840871810913086
0.009954452514648438
0.0076808929443359375
0.007695436477661133
0.007676601409912109
0.0077054500579833984
0.007827281951904297
0.00767970085144043
0.007679939270019531
0.006844758987426758
0.010785579681396484
0.007638692855834961
0.00791168212890625
0.00765681266784668
0.00762486457824707
0.007796764373779297
0.007860898971557617
0.01190638542175293
0.008537530899047852
0.008199691772460938
0.008014440536499023
0.007654428482055664
0.007654905319213867
0.007627964019775391
0.0076961517333984375
0.007429599761962891
0.011173486709594727
0.0076444149017333984
0.009094476699829102
0.011105537414550781
0.007657289505004883
0.0076520442962646484
0.007633209228515625
0.00758671760559082
0.007611274719238281
0.0076105594635009766
0.00765538215637207
0.007624149322509766
0.006844520568847656
0.0069010257720947266
0.0068607330322265625
0.0068361759185791016
0.006963253021240234
0.0068359375
0.00685882568359375
0.006875753402709961
0.006889820098876953
0.006865501403808594
0.007122039794921875
0.007066965103149414
0.006844997406005859
0.006899833679199219
0.0069391727447509766
0.006865262985229492
0.006955146789550781
0.006931781768798828
0.006813764572143555
0.006880044937133789
0.006859540939331055
0.006886720657348633
0.006809711456298828
0.0069065093994140625
0.006948947906494141
0.00691676139831543
0.0068721771240234375
0.006947994232177734
0.006880521774291992
0.006868124008178711
0.00689697265625
0.006913185119628906
0.00687718391418457
0.00695037841796875
0.006930112838745117
0.006846427917480469
0.006984710693359375
0.006926298141479492
0.006871938705444336
0.006834506988525391
0.007004261016845703
0.00688934326171875
0.006911039352416992
0.00693202018737793
0.006838321685791016
0.006935596466064453
0.0069599151611328125
0.006860494613647461
0.006869792938232422
0.0069425106048583984
0.007150173187255859
0.006895303726196289
0.006898164749145508
0.006849050521850586
0.006857156753540039
0.006922006607055664
0.00701141357421875
0.006938934326171875
0.006871461868286133
0.0068607330322265625
0.007299184799194336
0.00685429573059082
0.006897449493408203
0.006875038146972656
0.0071294307708740234
0.006937503814697266
0.0068624019622802734
0.006893157958984375
0.006845951080322266
0.0068798065185546875
0.006921291351318359
0.006890773773193359
0.0069506168365478516
0.0068836212158203125
0.0068933963775634766
0.006949186325073242
0.006854057312011719
0.006903171539306641
0.006882667541503906
0.006852149963378906
0.007025241851806641
0.0068662166595458984
0.0069582462310791016
0.006976127624511719
0.006867885589599609
0.007010936737060547
0.00688934326171875
0.006990194320678711
0.006864786148071289
0.0068721771240234375
0.006935834884643555
0.006933450698852539
0.007214784622192383
0.006921291351318359
0.006922245025634766
0.00689244270324707
0.006896495819091797
0.006958484649658203
0.006844282150268555
0.006956815719604492
0.006996631622314453
0.00687408447265625
0.006933689117431641
0.006860494613647461
0.00695347785949707
0.011488199234008789
0.007661581039428711
0.007556915283203125
0.007665157318115234
0.007619142532348633
0.006960868835449219
0.0069692134857177734
0.00695347785949707
0.006865739822387695
0.0069065093994140625
0.0069942474365234375
0.00686955451965332
0.00937032699584961
0.0067594051361083984
0.006937265396118164
0.006890296936035156
0.006982088088989258
0.01049947738647461
0.011244535446166992
0.008597612380981445
0.010078907012939453
0.006984710693359375
0.006880283355712891
0.006894826889038086
0.006930112838745117
0.006882429122924805
0.006991386413574219
0.00686192512512207
0.00684809684753418
0.007017850875854492
0.00792241096496582
0.0069692134857177734
0.007016897201538086
0.010899782180786133
0.00761103630065918
0.007642984390258789
0.0076367855072021484
0.007623434066772461
0.008061408996582031
0.0076444149017333984
0.008697509765625
0.006870269775390625
0.007114887237548828
0.006963253021240234
0.006909608840942383
0.006865024566650391
0.0069103240966796875
0.0069239139556884766
0.00687718391418457
0.0069217681884765625
0.006928920745849609
0.0069217681884765625
0.006944894790649414
0.010081768035888672
0.010824203491210938
0.010470390319824219
0.010216236114501953
0.008875846862792969
0.00767207145690918
0.010329008102416992
0.011247873306274414
0.01013040542602539
0.007641315460205078
0.011618375778198242
0.007740974426269531
0.00764155387878418
0.010044336318969727
0.007673025131225586
0.007944107055664062
0.007681369781494141
0.007657766342163086
0.008750200271606445
0.008350372314453125
0.007681608200073242
0.0076367855072021484
0.00772547721862793
0.007653951644897461
0.0076313018798828125
0.010224580764770508
0.007596015930175781
0.007643222808837891
0.007958412170410156
0.007642030715942383
0.007661342620849609
0.0076808929443359375
0.007697582244873047
0.0076639652252197266
0.0069005489349365234
0.00710296630859375
0.007660865783691406
0.0070383548736572266
0.011110305786132812
0.011206388473510742
0.010277032852172852
0.010631561279296875
0.0076868534088134766
0.010013103485107422
0.008291482925415039
0.006838798522949219
0.006862640380859375
0.006933450698852539
0.006930351257324219
0.007091045379638672
0.006886720657348633
0.007001399993896484
0.006975412368774414
0.0128936767578125
0.007097482681274414
0.006960868835449219
0.007124423980712891
0.010263442993164062
0.01192164421081543
0.007423877716064453
0.010652780532836914
0.0076138973236083984
0.010142803192138672
0.011678934097290039
0.010084152221679688
0.0101776123046875
0.0075953006744384766
0.01189422607421875
0.008687257766723633
0.010196924209594727
0.0076367855072021484
0.007646083831787109
0.0077059268951416016
0.0076808929443359375
0.007636308670043945
0.007699012756347656
0.007635354995727539
0.0076901912689208984
0.010049819946289062
0.00764775276184082
0.010214090347290039
0.012008905410766602
0.009354829788208008
0.010293722152709961
0.010959863662719727
0.009448528289794922
0.007734060287475586
0.007608890533447266
0.007630109786987305
0.007646083831787109
0.0076525211334228516
0.007631540298461914
0.007706165313720703
0.007109403610229492
0.007140159606933594
0.007108926773071289
0.007086038589477539
0.0074443817138671875
0.007119894027709961
0.006791114807128906
0.006856203079223633
0.010217666625976562
0.010159015655517578
0.010226964950561523
0.011841773986816406
0.008677482604980469
0.008292198181152344
0.008325338363647461
0.0076673030853271484
0.008250951766967773
0.007672786712646484
0.0076406002044677734
0.007049083709716797
0.007119894027709961
0.00710296630859375
0.007105350494384766
0.007094383239746094
0.007107257843017578
0.007129669189453125
0.007097721099853516
0.007042884826660156
0.006989240646362305
0.006868839263916016
0.00709986686706543
0.006863832473754883
0.006874799728393555
0.006839275360107422
0.010090827941894531
0.011116266250610352
0.008979320526123047
0.008054018020629883
0.0076389312744140625
0.008189201354980469
0.007630348205566406
0.007654428482055664
0.006920576095581055
0.006925106048583984
0.006976604461669922
0.006950855255126953
0.006981849670410156
0.011883020401000977
0.010544776916503906
0.007124185562133789
0.01044154167175293
0.007370710372924805
0.006930351257324219
0.006901741027832031
0.0069582462310791016
0.0069391727447509766
0.0069615840911865234
0.006968975067138672
0.010084867477416992
0.009810447692871094
0.010155439376831055
0.010235309600830078
0.011904478073120117
0.011010169982910156
0.008574724197387695
0.007620811462402344
0.007672786712646484
0.0076711177825927734
0.0076446533203125
0.009240388870239258
0.009289979934692383
0.008374691009521484
0.010480403900146484
0.00958395004272461
0.007656097412109375
0.007651090621948242
0.007657289505004883
0.007670402526855469
0.007676124572753906
0.0076656341552734375
0.006898164749145508
0.006978511810302734
0.009647130966186523
0.007602691650390625
0.007095813751220703
0.010067939758300781
0.008175134658813477
0.0074427127838134766
0.0076329708099365234
0.010059118270874023
0.01039266586303711
0.010116815567016602
0.011190176010131836
0.009968042373657227
0.009941816329956055
0.010057449340820312
0.01019740104675293
0.01007223129272461
0.011942625045776367
0.007654905319213867
0.007617950439453125
0.010066509246826172
0.009819269180297852
0.006888151168823242
0.010421514511108398
0.010215044021606445
0.010243892669677734
0.011607170104980469
0.007375955581665039
0.007915496826171875
0.007661104202270508
0.0076367855072021484
0.008498430252075195
0.007990360260009766
0.007553815841674805
0.01065683364868164
0.009666919708251953
0.009598970413208008
0.007637977600097656
0.006684303283691406
0.0068285465240478516
0.006876230239868164
0.010191917419433594
0.012083053588867188
0.009938716888427734
0.007798910140991211
0.007672309875488281
0.010242462158203125
0.006790876388549805
0.006936788558959961
0.010124444961547852
0.007700920104980469
0.007643938064575195
0.010061979293823242
0.010113000869750977
0.010389566421508789
0.012001276016235352
0.010162353515625
0.010180473327636719
0.011205911636352539
0.010246753692626953
0.010230779647827148
0.006696224212646484
0.0069065093994140625
0.006918668746948242
0.0076329708099365234
0.010418176651000977
0.010329008102416992
0.010299921035766602
0.009734153747558594
0.00959014892578125
0.0100860595703125
0.010407209396362305
0.010393142700195312
0.010211467742919922
0.007169008255004883
0.009953975677490234
0.00704193115234375
0.006954193115234375
0.00696110725402832
0.006908416748046875
0.01201486587524414
0.011637210845947266
0.006982564926147461
0.008394479751586914
0.010146379470825195
0.007685184478759766
0.007662534713745117
0.010099411010742188
0.010060548782348633
0.006917476654052734
0.007090568542480469
0.009171009063720703
0.006894350051879883
0.010143041610717773
0.012146949768066406
0.010237693786621094
0.010444402694702148
0.007249355316162109
0.010123252868652344
0.007161855697631836
0.009650230407714844
0.009656429290771484
0.009676456451416016
0.007105588912963867
0.008331775665283203
0.006684780120849609
0.006842613220214844
0.006841897964477539
0.010104656219482422
0.012319803237915039
0.007139682769775391
0.010103225708007812
0.01179814338684082
0.009209632873535156
0.007665872573852539
0.0077402591705322266
0.007715702056884766
0.007621049880981445
0.00775456428527832
0.007656097412109375
0.00766444206237793
0.007645845413208008
0.010512590408325195
0.011592864990234375
0.0076274871826171875
0.007633686065673828
0.007636308670043945
0.010127782821655273
0.010200977325439453
0.010401725769042969
0.007656574249267578
0.010199546813964844
0.007643699645996094
0.007638216018676758
0.00767064094543457
0.00762176513671875
0.007620334625244141
0.007613658905029297
0.010370731353759766
0.010202646255493164
0.010699748992919922
0.010195493698120117
0.010246992111206055
0.010210752487182617
0.010206937789916992
0.01146697998046875
0.010085582733154297
0.010227441787719727
0.010800600051879883
0.007691144943237305
0.010893106460571289
0.006865024566650391
0.006850481033325195
0.006846189498901367
0.0068547725677490234
0.006912708282470703
0.010119199752807617
0.011725664138793945
0.010093212127685547
0.010464191436767578
0.009572744369506836
0.011543989181518555
0.007310152053833008
0.012072086334228516
0.009272098541259766
0.007013082504272461
0.00768733024597168
0.01064443588256836
0.007715940475463867
0.009788751602172852
0.010165691375732422
0.012135982513427734
0.010034322738647461
0.007117748260498047
0.006964683532714844
0.006937980651855469
0.006952762603759766
0.006927013397216797
0.0068874359130859375
0.007677555084228516
0.007669925689697266
0.006592512130737305
0.006805419921875
0.006960630416870117
0.0068607330322265625
