0.008570671081542969
0.009953975677490234
0.009952068328857422
0.012067556381225586
0.00966501235961914
0.009505033493041992
0.009593725204467773
0.009558916091918945
0.009518861770629883
0.008808612823486328
0.008807897567749023
0.00876760482788086
0.008784294128417969
0.008778572082519531
0.008846521377563477
0.012560367584228516
0.011167526245117188
0.011595487594604492
0.01126861572265625
0.011795520782470703
0.011836528778076172
0.008626461029052734
0.011015176773071289
0.011563777923583984
0.009406566619873047
0.013672113418579102
0.011244773864746094
0.011255979537963867
0.011371135711669922
0.010145187377929688
0.013979196548461914
0.008340835571289062
0.008243560791015625
0.008214473724365234
0.008220195770263672
0.007964611053466797
0.008029699325561523
0.011875152587890625
0.009979486465454102
0.014026165008544922
0.01000833511352539
0.01021575927734375
0.009929418563842773
0.010358572006225586
0.010028839111328125
0.01375722885131836
0.008227348327636719
0.008167266845703125
0.007955789566040039
0.00793766975402832
0.007996559143066406
0.007971763610839844
0.007995128631591797
0.007997751235961914
0.008027315139770508
0.007972478866577148
0.008081436157226562
0.007972478866577148
0.008275032043457031
0.008131265640258789
0.008244037628173828
0.011268854141235352
0.01164698600769043
0.01374053955078125
0.007854223251342773
0.008037805557250977
0.00802159309387207
0.008036136627197266
0.008041620254516602
0.008044958114624023
0.008044719696044922
0.012016057968139648
0.009646177291870117
0.008084297180175781
0.011917352676391602
0.008037328720092773
0.011408805847167969
0.008049488067626953
0.009919881820678711
0.00940847396850586
0.008814096450805664
0.00879216194152832
0.00901484489440918
0.008795499801635742
0.012853860855102539
0.007944583892822266
0.007956504821777344
0.007924795150756836
0.007978439331054688
0.00796961784362793
0.00802469253540039
0.007940530776977539
0.010544538497924805
0.008849143981933594
0.008775472640991211
0.008775949478149414
0.008809089660644531
0.008853435516357422
0.008802652359008789
0.008747100830078125
0.00878000259399414
0.007929563522338867
0.00763702392578125
0.007746219635009766
0.0076563358306884766
0.0082550048828125
0.014091014862060547
0.012679100036621094
0.008448362350463867
0.007978439331054688
0.013436317443847656
0.010774612426757812
0.010156631469726562
0.011047601699829102
0.01351022720336914
0.011045455932617188
0.013597249984741211
0.010204076766967773
0.013393402099609375
0.008753299713134766
0.011200904846191406
0.009535074234008789
0.009050130844116211
0.009110212326049805
0.007663726806640625
0.0077588558197021484
0.007939338684082031
0.007979631423950195
0.008018016815185547
0.008007287979125977
0.008763313293457031
0.008810281753540039
0.008826494216918945
0.008843421936035156
0.007985115051269531
0.008011102676391602
0.00795435905456543
0.013181686401367188
0.008002281188964844
0.007915973663330078
0.011949539184570312
0.011588096618652344
0.010497331619262695
0.009652376174926758
0.007977724075317383
0.011255264282226562
0.00910496711730957
0.01179957389831543
0.012632369995117188
0.013454198837280273
0.010923624038696289
0.013451814651489258
0.011096477508544922
0.012837886810302734
0.015592336654663086
0.008814334869384766
0.008892536163330078
0.009484052658081055
0.008772850036621094
0.008854389190673828
0.008807659149169922
0.007916927337646484
0.007893800735473633
0.007889509201049805
0.007850170135498047
0.008220672607421875
0.008269309997558594
0.008276224136352539
0.011916399002075195
0.01180887222290039
0.0082244873046875
0.011768817901611328
0.01355433464050293
0.01173090934753418
0.013400554656982422
0.011020898818969727
0.011950254440307617
0.011958599090576172
0.011813163757324219
0.011873722076416016
0.012029170989990234
0.01364755630493164
0.013520956039428711
0.009348869323730469
0.012033939361572266
0.011793851852416992
0.013646364212036133
0.011807441711425781
0.01186370849609375
0.01167154312133789
0.011857271194458008
0.011723756790161133
0.01208043098449707
0.009552240371704102
0.012879133224487305
0.011979103088378906
0.013442516326904297
0.013278961181640625
0.011886119842529297
0.011286020278930664
0.010738611221313477
0.011898279190063477
0.011710405349731445
0.011878728866577148
0.013547182083129883
0.013361930847167969
0.011931419372558594
0.008761405944824219
0.008742809295654297
0.0087432861328125
0.008128166198730469
0.008199214935302734
0.008144617080688477
0.00865316390991211
0.008801937103271484
0.008828401565551758
0.008819818496704102
0.008180618286132812
0.008153676986694336
0.008866548538208008
0.008889198303222656
0.008818626403808594
0.008814811706542969
0.008155345916748047
0.008227825164794922
0.008129119873046875
0.008197784423828125
0.008184194564819336
0.008182764053344727
0.008218050003051758
0.008182048797607422
0.00889897346496582
0.008225679397583008
0.008163928985595703
0.008196830749511719
0.008155345916748047
0.008184432983398438
0.008189201354980469
0.008853912353515625
0.008913516998291016
0.00813603401184082
0.008183717727661133
0.008837699890136719
0.008817911148071289
0.00813913345336914
0.00818943977355957
0.009361028671264648
0.008444547653198242
0.008254528045654297
0.008549928665161133
0.008156061172485352
0.008709192276000977
0.008254051208496094
0.008199453353881836
0.008183002471923828
0.008179187774658203
0.008291482925415039
0.008247852325439453
0.007942914962768555
0.008001327514648438
0.008007526397705078
0.008001565933227539
0.008082866668701172
0.008158206939697266
0.007999658584594727
0.008141756057739258
0.008064985275268555
0.007925748825073242
0.007992982864379883
0.0075719356536865234
0.007762432098388672
0.007707834243774414
0.007791280746459961
0.008064746856689453
0.011780738830566406
0.007756948471069336
0.007696866989135742
0.010354757308959961
0.007758378982543945
0.007885932922363281
0.0077648162841796875
0.00882411003112793
0.008749961853027344
0.008748054504394531
0.008788108825683594
0.009094476699829102
0.008749246597290039
0.00943613052368164
0.009351730346679688
0.008770942687988281
0.008795976638793945
0.008784055709838867
0.008000850677490234
0.00771641731262207
0.007686138153076172
0.00777745246887207
0.01187276840209961
0.008715152740478516
0.013912200927734375
0.009117603302001953
0.008838891983032227
0.008828878402709961
0.009088754653930664
0.008891105651855469
0.011855125427246094
0.008444786071777344
0.008020162582397461
0.009811162948608398
0.010958194732666016
0.012820005416870117
0.009249687194824219
0.008174896240234375
0.008170604705810547
0.008176803588867188
0.008150577545166016
0.008156538009643555
0.008257865905761719
0.00818634033203125
0.00818943977355957
0.008174657821655273
0.00816965103149414
0.008142709732055664
0.008164644241333008
0.008180618286132812
0.008169412612915039
0.008150815963745117
0.00820159912109375
0.008141756057739258
0.008168935775756836
0.008186578750610352
0.008170366287231445
0.008173465728759766
0.008159875869750977
0.008151531219482422
0.008166790008544922
0.008156538009643555
0.008195877075195312
0.00817561149597168
0.008168935775756836
0.008176803588867188
0.008172988891601562
0.00822901725769043
0.008192062377929688
0.00816798210144043
0.008150815963745117
0.008155584335327148
0.008166074752807617
0.008168935775756836
0.00823974609375
0.008176803588867188
0.008152246475219727
0.008148908615112305
0.008156061172485352
0.008184671401977539
0.008185148239135742
0.00816798210144043
0.008152246475219727
0.00819253921508789
0.008194208145141602
0.008155584335327148
0.008133888244628906
0.008190393447875977
0.008147716522216797
0.008146047592163086
0.00819087028503418
0.008166313171386719
0.008159875869750977
0.008186817169189453
0.008153200149536133
0.00816202163696289
0.008164644241333008
0.00817108154296875
0.008175373077392578
0.008185625076293945
0.00815582275390625
0.008193016052246094
0.008203268051147461
0.00817108154296875
0.0081329345703125
0.008170366287231445
0.008213043212890625
0.00815582275390625
0.008149862289428711
0.008217573165893555
0.008166074752807617
0.008197546005249023
0.008294343948364258
0.008158683776855469
0.008307933807373047
0.007993221282958984
0.007908344268798828
0.008204460144042969
0.007973670959472656
0.00797414779663086
0.008085012435913086
0.008204460144042969
0.008059263229370117
0.007996320724487305
0.007997989654541016
0.008023500442504883
0.00817418098449707
0.008011102676391602
0.013234853744506836
0.007879495620727539
0.00955820083618164
0.008810758590698242
0.00877070426940918
0.00880742073059082
0.008846521377563477
0.008011102676391602
0.007937431335449219
0.008578777313232422
0.00867319107055664
0.008101463317871094
0.008020401000976562
0.007936954498291016
0.008538007736206055
0.008595705032348633
0.008025407791137695
0.013096094131469727
0.011255264282226562
0.007959365844726562
0.007993459701538086
0.009157896041870117
0.008782148361206055
0.008789300918579102
0.011861801147460938
0.013099193572998047
0.011001348495483398
0.011808633804321289
0.011877775192260742
0.01012420654296875
0.011861085891723633
0.011986970901489258
0.011900663375854492
0.013431787490844727
0.013109683990478516
0.008835792541503906
0.008938789367675781
0.008774042129516602
0.0120086669921875
0.011920690536499023
0.012014150619506836
0.01010584831237793
0.01234292984008789
0.00880742073059082
0.011993885040283203
0.008855104446411133
0.008828163146972656
0.0088348388671875
0.008890628814697266
0.008832931518554688
0.008977890014648438
0.008861780166625977
0.007925271987915039
0.012477874755859375
0.008789777755737305
0.008869647979736328
0.008812427520751953
0.008760929107666016
0.009109020233154297
0.008725404739379883
0.013521194458007812
0.010150909423828125
0.00953984260559082
0.009065389633178711
0.00877690315246582
0.008779764175415039
0.008767127990722656
0.008790731430053711
0.008800506591796875
0.010442495346069336
0.008840799331665039
0.011057615280151367
0.013997077941894531
0.008942604064941406
0.008763313293457031
0.008788585662841797
0.008829832077026367
0.00878453254699707
0.008753299713134766
0.008797883987426758
0.008777856826782227
0.00788259506225586
0.008015632629394531
0.00789332389831543
0.007937192916870117
0.007867574691772461
0.007882118225097656
0.007947921752929688
0.007981538772583008
0.00808262825012207
0.008044719696044922
0.008075952529907227
0.008096933364868164
0.007910013198852539
0.007877349853515625
0.007985353469848633
0.007885456085205078
0.007898807525634766
0.007979393005371094
0.00796365737915039
0.007925987243652344
0.007979154586791992
0.007919549942016602
0.007939577102661133
0.007941007614135742
0.008124351501464844
0.007979393005371094
0.007932662963867188
0.008020401000976562
0.007956504821777344
0.008101224899291992
0.00808405876159668
0.008037567138671875
0.008037328720092773
0.007995843887329102
0.007901906967163086
0.0078887939453125
0.007867813110351562
0.007932662963867188
0.00795745849609375
0.007991313934326172
0.008086442947387695
0.008055686950683594
0.007912635803222656
0.008003950119018555
0.007929801940917969
0.007950305938720703
0.007989645004272461
0.007971525192260742
0.008024454116821289
0.008116722106933594
0.008144617080688477
0.008110761642456055
0.008162498474121094
0.007953643798828125
0.008009672164916992
0.008030176162719727
0.00814509391784668
0.007985591888427734
0.007905721664428711
0.007894277572631836
0.008204460144042969
0.007890701293945312
0.007980108261108398
0.007914543151855469
0.00823068618774414
0.007975101470947266
0.007884025573730469
0.007999420166015625
0.007949113845825195
0.007902383804321289
0.007981538772583008
0.007962942123413086
0.007972240447998047
0.007903099060058594
0.008111953735351562
0.008123159408569336
0.007905244827270508
0.007987260818481445
0.008132696151733398
0.008044004440307617
0.008134841918945312
0.008072853088378906
0.008089542388916016
0.00801229476928711
0.008017778396606445
0.008080244064331055
0.008023738861083984
0.008053302764892578
0.007896661758422852
0.007892847061157227
0.007999420166015625
0.008015155792236328
0.008196592330932617
0.008152246475219727
0.00798487663269043
0.008002519607543945
0.007982015609741211
0.00796198844909668
0.007921934127807617
0.008167743682861328
0.00820016860961914
0.008069753646850586
0.00817728042602539
0.008041620254516602
0.008185625076293945
0.013189315795898438
0.008846282958984375
0.008700370788574219
0.008803844451904297
0.008777379989624023
0.008266687393188477
0.007904052734375
0.007998466491699219
0.007880687713623047
0.007969379425048828
0.008846521377563477
0.007917642593383789
0.011328697204589844
0.007830142974853516
0.00791025161743164
0.00793766975402832
0.008047819137573242
0.011904716491699219
0.013802289962768555
0.010221481323242188
0.011893510818481445
0.008049726486206055
0.007894754409790039
0.007915973663330078
0.007965803146362305
0.007889270782470703
0.007906198501586914
0.007907867431640625
0.00796818733215332
0.00829005241394043
0.009227991104125977
0.007995367050170898
0.008128643035888672
0.013573169708251953
0.008796930313110352
0.008781194686889648
0.00877070426940918
0.008831262588500977
0.009057760238647461
0.00874781608581543
0.008794784545898438
0.00801849365234375
0.00787210464477539
0.007976531982421875
0.007883310317993164
0.007958412170410156
0.007970094680786133
0.007911443710327148
0.007895946502685547
0.008199453353881836
0.00810384750366211
0.0081024169921875
0.007921218872070312
0.01191258430480957
0.011811494827270508
0.012135982513427734
0.011813163757324219
0.010697364807128906
0.008831501007080078
0.011886835098266602
0.013100862503051758
0.011932373046875
0.008769750595092773
0.014260053634643555
0.009217977523803711
0.00883030891418457
0.012030839920043945
0.008845090866088867
0.009155511856079102
0.008780479431152344
0.008773326873779297
0.0104217529296875
0.009936094284057617
0.008776187896728516
0.008809804916381836
0.008857250213623047
0.008823633193969727
0.008775711059570312
0.011863470077514648
0.008788108825683594
0.008813858032226562
0.009169578552246094
0.008815765380859375
0.008815765380859375
0.00881505012512207
0.008877277374267578
0.008777379989624023
0.007978439331054688
0.008157730102539062
0.00882577896118164
0.007942676544189453
0.013160467147827148
0.013607263565063477
0.012024164199829102
0.014244794845581055
0.009192466735839844
0.011662721633911133
0.011950016021728516
0.008512258529663086
0.008287906646728516
0.008243560791015625
0.008113622665405273
0.009197235107421875
0.008005142211914062
0.008048295974731445
0.008559703826904297
0.013708829879760742
0.008311986923217773
0.007892370223999023
0.008161306381225586
0.011816024780273438
0.013395071029663086
0.008632659912109375
0.013283014297485352
0.008736848831176758
0.011806964874267578
0.01410984992980957
0.01184391975402832
0.011998891830444336
0.008884668350219727
0.012380123138427734
0.01078939437866211
0.011824369430541992
0.009513139724731445
0.009444236755371094
0.008837699890136719
0.009472131729125977
0.009508609771728516
0.00882267951965332
0.008797883987426758
0.008996248245239258
0.011677265167236328
0.00877237319946289
0.011792421340942383
0.012445688247680664
0.011375188827514648
0.012096166610717773
0.011121511459350586
0.011524438858032227
0.008861303329467773
0.008762836456298828
0.008783578872680664
0.008788347244262695
0.008781194686889648
0.008761167526245117
0.008785724639892578
0.008158683776855469
0.008143901824951172
0.00815272331237793
0.008141279220581055
0.008151531219482422
0.008168220520019531
0.009280204772949219
0.008049488067626953
0.012021780014038086
0.012016773223876953
0.01203775405883789
0.013426780700683594
0.010608911514282227
0.009705543518066406
0.010594606399536133
0.0093994140625
0.00883030891418457
0.008780241012573242
0.008778810501098633
0.008145809173583984
0.008135318756103516
0.008143424987792969
0.00815582275390625
0.008157968521118164
0.008162498474121094
0.008151531219482422
0.008167028427124023
0.009050130844116211
0.00846242904663086
0.007952451705932617
0.008184194564819336
0.007868051528930664
0.007889509201049805
0.007875680923461914
0.011802911758422852
0.012992143630981445
0.010710000991821289
0.009074211120605469
0.008765935897827148
0.009403467178344727
0.00887155532836914
0.008870363235473633
0.008992910385131836
0.00798487663269043
0.008041143417358398
0.008073568344116211
0.008007287979125977
0.011173248291015625
0.012345075607299805
0.009413480758666992
0.011926651000976562
0.008849620819091797
0.007978677749633789
0.008002519607543945
0.008241653442382812
0.007961511611938477
0.007982969284057617
0.007975339889526367
0.011725902557373047
0.011526346206665039
0.011690616607666016
0.011966943740844727
0.01353597640991211
0.01281285285949707
0.010206222534179688
0.00877070426940918
0.008759021759033203
0.008774518966674805
0.008857488632202148
0.010909318923950195
0.010926485061645508
0.009991884231567383
0.011877059936523438
0.011811017990112305
0.008838653564453125
0.00908970832824707
0.008841514587402344
0.008826255798339844
0.008822202682495117
0.008791923522949219
0.007975339889526367
0.007996320724487305
0.011438846588134766
0.008828401565551758
0.007963895797729492
0.011776208877563477
0.012096643447875977
0.008667469024658203
0.009485721588134766
0.01186513900756836
0.011823415756225586
0.011952877044677734
0.01375126838684082
0.01163172721862793
0.011850595474243164
0.011885881423950195
0.011861085891723633
0.011945247650146484
0.013724088668823242
0.008790016174316406
0.00897216796875
0.011871099472045898
0.01188349723815918
0.008083820343017578
0.011762857437133789
0.012018680572509766
0.011948585510253906
0.012914419174194336
0.008558511734008789
0.009118795394897461
0.008970022201538086
0.008882999420166016
0.008754491806030273
0.009243249893188477
0.008733272552490234
0.012454032897949219
0.011253833770751953
0.011282205581665039
0.009826898574829102
0.007781028747558594
0.007937431335449219
0.007961273193359375
0.011954307556152344
0.01118159294128418
0.0113525390625
0.008871078491210938
0.008833169937133789
0.01202082633972168
0.00786447525024414
0.007971763610839844
0.01187276840209961
0.008866071701049805
0.008785247802734375
0.011847734451293945
0.011899232864379883
0.011881828308105469
0.013781309127807617
0.011893749237060547
0.011886358261108398
0.012098073959350586
0.011953592300415039
0.011957168579101562
0.007852792739868164
0.007987022399902344
0.00799560546875
0.00877237319946289
0.012171030044555664
0.011847972869873047
0.011924505233764648
0.011313915252685547
0.011250734329223633
0.01172327995300293
0.012058258056640625
0.011822223663330078
0.01196599006652832
0.008240461349487305
0.01190042495727539
0.008155345916748047
0.007964849472045898
0.007982730865478516
0.007967472076416016
0.010821819305419922
0.013577461242675781
0.007863759994506836
0.010786056518554688
0.011912107467651367
0.008821249008178711
0.008805513381958008
0.011899948120117188
0.012018442153930664
0.008029937744140625
0.008046388626098633
0.011116743087768555
0.007907867431640625
0.01204371452331543
0.012531518936157227
0.012025594711303711
0.01207733154296875
0.008188724517822266
0.011980772018432617
0.009625673294067383
0.011261940002441406
0.011272192001342773
0.011451482772827148
0.008213043212890625
0.009932994842529297
0.0077478885650634766
0.007874250411987305
0.007883310317993164
0.012798786163330078
0.012305498123168945
0.010411977767944336
0.012251138687133789
0.011905431747436523
0.011016845703125
0.008824348449707031
0.008842706680297852
0.009539127349853516
0.008821725845336914
0.008922338485717773
0.00879979133605957
0.008783578872680664
0.008783817291259766
0.01193547248840332
0.014194965362548828
0.008770227432250977
0.008768081665039062
0.008766412734985352
0.012062311172485352
0.01189565658569336
0.012926816940307617
0.008795976638793945
0.011907577514648438
0.008782625198364258
0.008785724639892578
0.00875711441040039
0.008744478225708008
0.008751153945922852
0.008808135986328125
0.011897087097167969
0.012018203735351562
0.013517618179321289
0.011864662170410156
0.011808156967163086
0.012187004089355469
0.01206064224243164
0.013275146484375
0.011704444885253906
0.011912345886230469
0.012066364288330078
0.008961915969848633
0.01526951789855957
0.008017539978027344
0.00792241096496582
0.007877826690673828
0.007890462875366211
0.00789189338684082
0.01184844970703125
0.013929128646850586
0.011693000793457031
0.011982917785644531
0.011126518249511719
0.014125823974609375
0.008794546127319336
0.011304378509521484
0.011865854263305664
0.008095979690551758
0.008846282958984375
0.011898994445800781
0.010019302368164062
0.011729717254638672
0.011798620223999023
0.013825416564941406
0.011925935745239258
0.008784770965576172
0.008074760437011719
0.007949352264404297
0.00795745849609375
0.007993698120117188
0.00797128677368164
0.008825063705444336
0.00884556770324707
0.007811069488525391
0.007899284362792969
0.007869958877563477
0.007794618606567383
