0.35163235664367676
0.026145458221435547
0.026601791381835938
0.024455785751342773
0.024387598037719727
0.02257394790649414
0.022524595260620117
0.02121257781982422
0.02120041847229004
0.02119898796081543
0.021256208419799805
0.02133345603942871
0.021269559860229492
0.02127528190612793
0.021314144134521484
0.02129387855529785
0.02129077911376953
0.02127861976623535
0.021270036697387695
0.021323680877685547
0.021296024322509766
0.021488189697265625
0.02129673957824707
0.02129507064819336
0.021292686462402344
0.02136993408203125
0.021303892135620117
0.021331071853637695
0.02133464813232422
0.021322250366210938
0.021333932876586914
0.021418333053588867
0.02144026756286621
0.02147364616394043
0.021400928497314453
0.02140331268310547
0.021318912506103516
0.02139115333557129
0.021366119384765625
0.02145981788635254
0.02150583267211914
0.021422863006591797
0.02144908905029297
0.021364927291870117
0.021435260772705078
0.021459341049194336
0.021398544311523438
0.02138519287109375
0.021328449249267578
0.021383047103881836
0.02133035659790039
0.021378755569458008
0.02135753631591797
0.02146768569946289
0.02138376235961914
0.021358251571655273
0.021345853805541992
0.021514177322387695
0.0214078426361084
0.021404027938842773
0.021393775939941406
0.02140355110168457
0.021375656127929688
0.021384000778198242
0.021378278732299805
0.021390676498413086
0.021467208862304688
0.021440982818603516
0.021405935287475586
0.021491050720214844
0.021497488021850586
0.021407365798950195
0.0214385986328125
0.021461009979248047
0.021516799926757812
0.021403074264526367
0.02139425277709961
0.021395206451416016
0.021419048309326172
0.021388769149780273
0.02139592170715332
0.021396398544311523
0.021404504776000977
0.021403074264526367
0.021390676498413086
0.021393299102783203
0.02141547203063965
0.02140331268310547
0.021407365798950195
0.02141737937927246
0.02141737937927246
0.02139759063720703
0.021404027938842773
0.021397829055786133
0.021411657333374023
0.021399259567260742
0.021413326263427734
0.021451711654663086
0.02142167091369629
0.021433591842651367
0.021437883377075195
0.021429061889648438
0.021443843841552734
0.021429777145385742
0.021436691284179688
0.02142930030822754
0.021421194076538086
0.021440505981445312
0.021440744400024414
0.021420955657958984
0.021422147750854492
0.021454334259033203
0.0214231014251709
0.02144479751586914
0.02142047882080078
0.021419286727905273
0.021420955657958984
0.021418094635009766
0.02143716812133789
0.021433353424072266
0.021428585052490234
0.021453142166137695
0.0214235782623291
0.021438121795654297
0.021431446075439453
0.021471500396728516
0.021438121795654297
0.02145552635192871
0.021422386169433594
0.021439790725708008
0.0214540958404541
0.021439552307128906
0.021425724029541016
0.021451473236083984
0.021441221237182617
0.021411418914794922
0.021406888961791992
0.021427631378173828
0.021421194076538086
0.02144455909729004
0.021416664123535156
0.02143096923828125
0.021446943283081055
0.021432161331176758
0.021428346633911133
0.021480798721313477
0.021457433700561523
0.02143120765686035
0.021436214447021484
0.02143406867980957
0.02141118049621582
0.021544933319091797
0.02147841453552246
0.021477699279785156
0.021440505981445312
0.02143549919128418
0.02142953872680664
0.021433115005493164
0.02145695686340332
0.021418094635009766
0.02143239974975586
0.021433591842651367
0.02145099639892578
0.021464109420776367
0.02144932746887207
0.02182173728942871
0.021472692489624023
0.021471261978149414
0.02152562141418457
0.02143263816833496
0.02152872085571289
0.021462440490722656
0.021572589874267578
0.021549701690673828
0.021589994430541992
0.02149343490600586
0.021524667739868164
0.021538972854614258
0.021508455276489258
0.02147197723388672
0.02155590057373047
0.021512269973754883
0.021495342254638672
0.021417856216430664
0.021431446075439453
0.021430015563964844
0.021512985229492188
0.02153325080871582
0.02147650718688965
0.021576642990112305
0.021556377410888672
0.021605730056762695
0.02145242691040039
0.021563053131103516
0.021836280822753906
0.021683454513549805
0.021722793579101562
0.021618127822875977
0.021617412567138672
0.02165532112121582
0.02167534828186035
0.02166271209716797
0.021680593490600586
0.021685361862182617
0.02168726921081543
0.02167487144470215
0.02162480354309082
0.021593093872070312
0.02162027359008789
0.021602869033813477
0.021595239639282227
0.021605253219604492
0.02159881591796875
0.021619796752929688
0.021594524383544922
0.02159881591796875
0.021582603454589844
0.021593093872070312
0.021582365036010742
0.021587133407592773
0.021724224090576172
0.021675586700439453
0.021700620651245117
0.02168440818786621
0.021676063537597656
0.02168440818786621
0.021672487258911133
0.021736621856689453
0.021680355072021484
0.021683692932128906
0.021691322326660156
0.0216672420501709
0.02172708511352539
0.02174687385559082
0.02173304557800293
0.021695375442504883
0.021630048751831055
0.021628618240356445
0.021605730056762695
0.02159881591796875
0.02161383628845215
0.02159261703491211
0.02157115936279297
0.021652698516845703
0.02160954475402832
0.021612167358398438
0.021596908569335938
0.021620512008666992
0.02159428596496582
0.021596908569335938
0.021601200103759766
0.021593570709228516
0.02159714698791504
0.021619558334350586
0.02160930633544922
0.021592378616333008
0.021561861038208008
0.021579265594482422
0.021611452102661133
0.02160048484802246
0.0215909481048584
0.0215909481048584
0.02160048484802246
0.0216062068939209
0.021617889404296875
0.02158331871032715
0.021602153778076172
0.021608352661132812
0.02156853675842285
0.021620988845825195
0.02158665657043457
0.021566390991210938
0.02163219451904297
0.02159428596496582
0.021599531173706055
0.021590471267700195
0.02159404754638672
0.02158975601196289
0.021599292755126953
0.021567583084106445
0.021592140197753906
0.02158975601196289
0.021587371826171875
0.021591663360595703
0.021596908569335938
0.021590471267700195
0.02161383628845215
0.0215909481048584
0.021586894989013672
0.021579265594482422
0.02158951759338379
0.021584749221801758
0.021579980850219727
0.021598339080810547
0.02158212661743164
0.021615266799926758
0.021572589874267578
0.021713733673095703
0.02173757553100586
0.021724939346313477
0.021696090698242188
0.02170276641845703
0.02169513702392578
0.021694660186767578
0.021692514419555664
0.021697044372558594
0.021689653396606445
0.02172398567199707
0.02172255516052246
0.02172088623046875
0.02172708511352539
0.021747827529907227
0.021711111068725586
0.021711349487304688
0.02170085906982422
0.021706581115722656
0.02172088623046875
0.021711349487304688
0.021732568740844727
0.021731138229370117
0.021709442138671875
0.021813631057739258
0.02172708511352539
0.021722078323364258
0.021723508834838867
0.021725893020629883
0.021703720092773438
0.02171039581298828
0.021725893020629883
0.021718502044677734
0.021714448928833008
0.02171492576599121
0.02170705795288086
0.02169489860534668
0.02171802520751953
0.02169322967529297
0.021702051162719727
0.021715164184570312
0.021746158599853516
0.021720409393310547
0.021721363067626953
0.021692991256713867
0.021737337112426758
0.021694421768188477
0.021721839904785156
0.021729469299316406
0.021702289581298828
0.021704912185668945
0.021718740463256836
0.021733760833740234
0.021713972091674805
0.021724462509155273
0.021732807159423828
0.021716833114624023
0.021742582321166992
0.02169179916381836
0.02171492576599121
0.021732091903686523
0.021724224090576172
0.021730661392211914
0.0217440128326416
0.021708250045776367
0.021709918975830078
0.021712779998779297
0.021718978881835938
0.021723508834838867
0.021719932556152344
0.021714210510253906
0.021721601486206055
0.021714210510253906
0.0217282772064209
0.02173447608947754
0.02173900604248047
0.02191781997680664
0.021827220916748047
0.021808147430419922
0.021707534790039062
0.02183818817138672
0.0218503475189209
0.02178788185119629
0.02180957794189453
0.021820068359375
0.0217893123626709
0.021790504455566406
0.02180194854736328
0.02194499969482422
0.021815776824951172
0.02177715301513672
0.021808385848999023
0.021758317947387695
0.021711349487304688
0.021772146224975586
0.021730661392211914
0.021766185760498047
0.02181267738342285
0.021754741668701172
0.02178788185119629
0.021865367889404297
0.021740436553955078
0.021718978881835938
0.021735668182373047
0.021711349487304688
0.021713972091674805
0.02171635627746582
0.021714210510253906
0.021739959716796875
0.021737098693847656
0.021699905395507812
0.021968603134155273
0.02174067497253418
0.02172708511352539
0.02174854278564453
0.021732330322265625
0.02176976203918457
0.02176833152770996
0.021881818771362305
0.021735191345214844
0.021810054779052734
0.02185511589050293
0.021846532821655273
0.021725893020629883
0.02173161506652832
0.02171039581298828
0.02186751365661621
0.021801233291625977
0.02172374725341797
0.021791458129882812
0.02181220054626465
0.02198028564453125
0.021813392639160156
0.021914243698120117
0.021907329559326172
0.021844148635864258
0.021853923797607422
0.02177143096923828
0.02171611785888672
0.021714448928833008
0.021707773208618164
0.021745920181274414
0.021725893020629883
0.021714210510253906
0.021741390228271484
0.021865367889404297
0.021794795989990234
0.021787643432617188
0.02181529998779297
0.02180767059326172
0.021783113479614258
0.021702051162719727
0.021729707717895508
0.021727561950683594
0.021717309951782227
0.021727800369262695
0.021727561950683594
0.021709203720092773
0.02171945571899414
0.021722793579101562
0.02171039581298828
0.0217287540435791
0.02172708511352539
0.02172231674194336
0.02171492576599121
0.021733760833740234
0.021700143814086914
0.02169942855834961
0.02171611785888672
0.02173304557800293
0.021698713302612305
0.021709203720092773
0.02172374725341797
0.021727561950683594
0.02171611785888672
0.021730899810791016
0.021724939346313477
0.02174210548400879
0.021730899810791016
0.02172994613647461
0.02172565460205078
0.02173781394958496
0.021729707717895508
0.02175736427307129
0.021715164184570312
0.02173328399658203
0.02173447608947754
0.021727800369262695
0.021741628646850586
0.021750450134277344
0.021715402603149414
0.021747589111328125
0.02172994613647461
0.02174067497253418
0.021747827529907227
0.021764755249023438
0.021741151809692383
0.021717309951782227
0.021762371063232422
0.021746397018432617
0.021759510040283203
0.02173638343811035
0.021748781204223633
0.02171611785888672
0.02174067497253418
0.021729230880737305
0.02173137664794922
0.021759748458862305
0.021761178970336914
0.021751880645751953
0.021732091903686523
0.021726131439208984
0.021762847900390625
0.021723270416259766
0.021758079528808594
0.021760940551757812
0.02173781394958496
0.02174830436706543
0.021756410598754883
0.021728515625
0.021734952926635742
0.021747350692749023
0.021741390228271484
0.021750450134277344
0.02173304557800293
0.02174520492553711
0.021740198135375977
0.02172064781188965
0.02174544334411621
0.02176833152770996
0.02173614501953125
0.021755218505859375
0.02174663543701172
0.02172565460205078
0.02175307273864746
0.02173137664794922
0.02170419692993164
0.021741390228271484
0.021729230880737305
0.021746397018432617
0.021754980087280273
0.021732330322265625
0.021740436553955078
0.02174091339111328
0.02174210548400879
0.021756887435913086
0.02173471450805664
0.02173447608947754
0.021744489669799805
0.021744728088378906
0.021727561950683594
0.0217587947845459
0.02174091339111328
0.021733999252319336
0.0217282772064209
0.021731138229370117
0.021731853485107422
0.021737098693847656
0.021746397018432617
0.02174973487854004
0.021720409393310547
0.02171778678894043
0.021738290786743164
0.021732807159423828
0.02173614501953125
0.021750688552856445
0.021728038787841797
0.021759510040283203
0.021763324737548828
0.021751880645751953
0.021733999252319336
0.021736860275268555
0.02174067497253418
0.021750450134277344
0.021748065948486328
0.021736621856689453
0.021745920181274414
0.02174091339111328
0.02171921730041504
0.02174234390258789
0.02173304557800293
0.02173018455505371
0.02173614501953125
0.02176213264465332
0.021739959716796875
0.021741628646850586
0.021757841110229492
0.021762847900390625
0.021741151809692383
0.02173328399658203
0.021739721298217773
0.021756410598754883
0.02173471450805664
0.021729707717895508
0.021726608276367188
0.021735668182373047
0.0217440128326416
0.02173471450805664
0.02175450325012207
0.021732330322265625
0.02178215980529785
0.021750926971435547
0.02172064781188965
0.021759748458862305
0.021745681762695312
0.021848678588867188
0.021747589111328125
0.02174687385559082
0.021758079528808594
0.021754980087280273
0.021747112274169922
0.021714210510253906
0.021756887435913086
0.021756649017333984
0.021753787994384766
0.021755456924438477
0.021774768829345703
0.02176046371459961
0.021726608276367188
0.021750211715698242
0.021749019622802734
0.02172994613647461
0.021742582321166992
0.021734952926635742
0.021748781204223633
0.021750688552856445
0.021764516830444336
0.021726608276367188
0.021732091903686523
0.021716833114624023
0.02176809310913086
0.021757125854492188
0.021718502044677734
0.021749019622802734
0.02174091339111328
0.021749258041381836
0.021741151809692383
0.021745920181274414
0.02176213264465332
0.02173781394958496
0.02176189422607422
0.021759986877441406
0.02175593376159668
0.021724700927734375
0.02177143096923828
0.021778583526611328
0.021756887435913086
0.021754026412963867
0.021771907806396484
0.021738290786743164
0.021748781204223633
0.0217437744140625
0.02172994613647461
0.02173304557800293
0.021761417388916016
0.02173447608947754
0.02174997329711914
0.021773815155029297
0.021747589111328125
0.021756649017333984
0.021772146224975586
0.021752357482910156
0.021725177764892578
0.021732568740844727
0.021755456924438477
0.021747589111328125
0.02173590660095215
0.02170729637145996
0.0217435359954834
0.021739959716796875
0.021759033203125
0.021739721298217773
0.021747589111328125
0.02175116539001465
0.021759033203125
0.02178645133972168
0.021776437759399414
0.02176213264465332
0.021746397018432617
0.02176046371459961
0.021771907806396484
0.021741390228271484
0.021750450134277344
0.021767377853393555
0.021770000457763672
0.021767377853393555
0.021750450134277344
0.02175140380859375
0.021773815155029297
0.021756649017333984
0.021745920181274414
0.021779537200927734
0.021788835525512695
0.021782636642456055
0.02174234390258789
0.02175426483154297
0.021758556365966797
0.02174210548400879
0.021752595901489258
0.02175140380859375
0.021758556365966797
0.02175116539001465
0.02175617218017578
0.02185845375061035
0.021849632263183594
0.021868467330932617
0.02185654640197754
0.0218350887298584
0.02186298370361328
0.021843671798706055
0.021848201751708984
0.021882057189941406
0.021840572357177734
0.02185845375061035
0.022077083587646484
0.021968841552734375
0.021936416625976562
0.021910905838012695
0.02194809913635254
0.021936893463134766
0.022016286849975586
0.021917343139648438
0.021922588348388672
0.021912574768066406
0.021932125091552734
0.021921873092651367
0.02192544937133789
0.02196788787841797
0.022852182388305664
0.021939754486083984
0.02194070816040039
0.0219266414642334
0.021927356719970703
0.021939516067504883
0.02192091941833496
0.02191472053527832
0.021918535232543945
0.021956682205200195
0.021924734115600586
0.021942615509033203
0.02191305160522461
0.0219419002532959
0.021915197372436523
0.021949291229248047
0.021904945373535156
0.021898508071899414
0.02193307876586914
0.021967172622680664
0.021944284439086914
0.021895408630371094
0.02196359634399414
0.021863937377929688
0.021917343139648438
0.021907806396484375
0.02194356918334961
0.021929025650024414
0.02190399169921875
0.021948575973510742
0.02194952964782715
0.021914005279541016
0.021895408630371094
0.021948814392089844
0.021917104721069336
0.021962881088256836
0.021897077560424805
0.02188730239868164
0.021858692169189453
0.021860599517822266
0.022042036056518555
0.021903514862060547
0.021934986114501953
0.021932601928710938
0.021846294403076172
0.021901369094848633
0.021883249282836914
0.021866559982299805
0.021892309188842773
0.021898746490478516
0.02189350128173828
0.021852970123291016
0.02186107635498047
0.02187037467956543
0.021858692169189453
0.02184581756591797
0.021856307983398438
0.021843910217285156
0.021832704544067383
0.021914243698120117
0.02185344696044922
0.02185201644897461
0.021866559982299805
0.02187943458557129
0.02187347412109375
0.02183842658996582
0.02184581756591797
0.02185654640197754
0.02198171615600586
0.021935701370239258
0.021874189376831055
0.021893024444580078
0.021923542022705078
0.021975040435791016
0.02195143699645996
0.022037506103515625
0.021834373474121094
0.022037982940673828
0.021882057189941406
0.02185797691345215
0.022041797637939453
0.02191329002380371
0.021991252899169922
0.021991968154907227
0.02191305160522461
0.021857738494873047
0.021857261657714844
0.021849632263183594
0.021842002868652344
0.021855592727661133
0.021861553192138672
0.021862030029296875
0.021841764450073242
0.021854877471923828
0.021868467330932617
0.021853923797607422
0.02185821533203125
0.021863460540771484
0.021852493286132812
0.022015094757080078
0.021927833557128906
0.021837234497070312
0.021977901458740234
0.021884441375732422
0.02211594581604004
0.02191472053527832
0.021951913833618164
0.021935701370239258
0.021944761276245117
0.021913528442382812
0.021872520446777344
0.021924734115600586
0.02186298370361328
0.02191758155822754
0.02190113067626953
0.021854639053344727
0.021872282028198242
0.02187347412109375
0.021920442581176758
0.02196025848388672
0.021951675415039062
0.02197122573852539
0.02192974090576172
0.02203512191772461
0.021842241287231445
0.02184581756591797
0.021871328353881836
0.02183842658996582
0.02193474769592285
0.021846771240234375
0.02185821533203125
0.021941184997558594
0.02192831039428711
0.021970033645629883
0.021874427795410156
0.021838903427124023
0.02185845375061035
0.021892547607421875
0.02198004722595215
0.0218658447265625
0.02186894416809082
0.021860599517822266
0.02184295654296875
0.02188277244567871
0.021874189376831055
0.021855831146240234
0.021864652633666992
0.021979808807373047
0.021936893463134766
0.022072315216064453
0.021876811981201172
0.021870136260986328
0.02185201644897461
0.02196025848388672
0.021841049194335938
0.02194499969482422
0.022001028060913086
0.021961450576782227
0.022005558013916016
0.021944046020507812
0.02193927764892578
0.02191448211669922
0.021928787231445312
0.021932363510131836
0.021956682205200195
0.021942853927612305
0.021932125091552734
0.021909713745117188
0.0218961238861084
0.021837472915649414
0.02197265625
0.021863698959350586
0.021892070770263672
0.021938085556030273
0.021947383880615234
0.02194976806640625
0.02192997932434082
0.02198052406311035
0.021905183792114258
0.021956920623779297
0.021934032440185547
0.021947860717773438
0.021884441375732422
0.02203512191772461
0.02195286750793457
0.021985769271850586
0.021861791610717773
0.021883010864257812
0.021975040435791016
0.02189493179321289
0.02187514305114746
0.0218961238861084
0.021892070770263672
0.021929025650024414
0.021869897842407227
0.021896839141845703
0.022094011306762695
0.021979570388793945
0.021901845932006836
0.0218961238861084
0.021872997283935547
0.021868228912353516
0.021878480911254883
0.021905899047851562
0.021852493286132812
0.02187633514404297
0.021881580352783203
0.021859407424926758
0.022022247314453125
0.021918296813964844
0.022014141082763672
0.021843433380126953
0.021898269653320312
0.021922588348388672
0.021987438201904297
0.021924734115600586
0.021936893463134766
0.021943092346191406
0.021919965744018555
0.02193737030029297
0.021950721740722656
0.021941184997558594
0.021924495697021484
0.021956682205200195
0.02193903923034668
0.021914243698120117
0.02193617820739746
0.021970510482788086
0.02187824249267578
0.02193284034729004
0.021937847137451172
0.021947622299194336
0.02194666862487793
0.02196049690246582
0.02196478843688965
0.021878480911254883
0.021961212158203125
0.02195429801940918
0.021906375885009766
0.02195906639099121
0.021845579147338867
0.02192234992980957
0.021870136260986328
0.021964550018310547
0.02188277244567871
0.02187633514404297
0.021919727325439453
0.02195143699645996
0.021874666213989258
0.021906137466430664
0.02201104164123535
0.021883487701416016
0.021883249282836914
0.021893024444580078
0.021847963333129883
0.021857738494873047
0.02187514305114746
0.0219113826751709
0.02185988426208496
0.021941184997558594
0.021959781646728516
0.021955251693725586
0.02194690704345703
0.021913528442382812
0.021955251693725586
0.022000551223754883
0.021893024444580078
0.02196502685546875
0.021911144256591797
0.02195453643798828
0.021930217742919922
0.021872758865356445
0.021895647048950195
0.021863222122192383
0.021877050399780273
