0.013075590133666992
0.01308584213256836
0.013303279876708984
0.012285947799682617
0.012290239334106445
0.011411428451538086
0.011377096176147461
0.010833263397216797
0.01079702377319336
0.010796070098876953
0.010846853256225586
0.010879993438720703
0.010811328887939453
0.01085209846496582
0.010849475860595703
0.010836601257324219
0.010846376419067383
0.010842084884643555
0.010836601257324219
0.010847091674804688
0.010849952697753906
0.011126995086669922
0.01089787483215332
0.010894298553466797
0.010890483856201172
0.010921239852905273
0.010893583297729492
0.010869026184082031
0.010887861251831055
0.010866880416870117
0.010864496231079102
0.0110931396484375
0.010988473892211914
0.01112508773803711
0.011063814163208008
0.011125326156616211
0.010874748229980469
0.011020183563232422
0.010888814926147461
0.011164665222167969
0.01255345344543457
0.01108551025390625
0.011175155639648438
0.010954856872558594
0.012438058853149414
0.011052370071411133
0.01107025146484375
0.011111974716186523
0.010882139205932617
0.01105499267578125
0.01086282730102539
0.011021614074707031
0.011052131652832031
0.011284828186035156
0.010912656784057617
0.010913610458374023
0.010891914367675781
0.011089563369750977
0.010907173156738281
0.01088714599609375
0.010905981063842773
0.010887861251831055
0.010957956314086914
0.010904550552368164
0.010898828506469727
0.01087331771850586
0.011172294616699219
0.010951757431030273
0.01097249984741211
0.011143922805786133
0.011217594146728516
0.010902166366577148
0.011144161224365234
0.011133193969726562
0.011174201965332031
0.010909080505371094
0.010928630828857422
0.01090550422668457
0.010900020599365234
0.010910987854003906
0.010907173156738281
0.010909318923950195
0.010908126831054688
0.010916471481323242
0.010912418365478516
0.01092529296875
0.010930538177490234
0.01093912124633789
0.010922670364379883
0.010912418365478516
0.010924339294433594
0.010909795761108398
0.010921955108642578
0.010917901992797852
0.010916709899902344
0.010920524597167969
0.010947704315185547
0.010944843292236328
0.010928630828857422
0.010923147201538086
0.010944128036499023
0.010969161987304688
0.010943412780761719
0.010932683944702148
0.010936737060546875
0.010934591293334961
0.010930299758911133
0.010940313339233398
0.010919332504272461
0.010943174362182617
0.010920047760009766
0.010923147201538086
0.01092386245727539
0.010927677154541016
0.010948419570922852
0.01092839241027832
0.010916948318481445
0.010914802551269531
0.01092076301574707
0.010924816131591797
0.010930538177490234
0.010931253433227539
0.01092839241027832
0.010920524597167969
0.010918617248535156
0.010930299758911133
0.010928630828857422
0.010924816131591797
0.010947227478027344
0.010924816131591797
0.010926008224487305
0.01092839241027832
0.010952949523925781
0.010946035385131836
0.01093602180480957
0.01092386245727539
0.010913372039794922
0.010937690734863281
0.010945320129394531
0.010939836502075195
0.010943174362182617
0.010933876037597656
0.010931730270385742
0.010932207107543945
0.010922670364379883
0.01131892204284668
0.010927677154541016
0.010945320129394531
0.010923385620117188
0.010969877243041992
0.010922908782958984
0.010949373245239258
0.010944128036499023
0.010926246643066406
0.01093435287475586
0.010910749435424805
0.010925054550170898
0.010933160781860352
0.010926961898803711
0.010933160781860352
0.01092076301574707
0.01109623908996582
0.01093435287475586
0.010932683944702148
0.010902643203735352
0.011208534240722656
0.01090097427368164
0.010924577713012695
0.010990619659423828
0.010925531387329102
0.012979269027709961
0.01091313362121582
0.011663675308227539
0.01107478141784668
0.011255025863647461
0.011061429977416992
0.013730049133300781
0.011020183563232422
0.011081457138061523
0.011089801788330078
0.011194467544555664
0.011205673217773438
0.011291265487670898
0.010931015014648438
0.010922908782958984
0.010940790176391602
0.011059284210205078
0.011103630065917969
0.010918855667114258
0.010958433151245117
0.011277198791503906
0.011307477951049805
0.010942459106445312
0.011197090148925781
0.011394500732421875
0.011243343353271484
0.011417150497436523
0.011039972305297852
0.01102304458618164
0.011229515075683594
0.012506246566772461
0.011425256729125977
0.011138439178466797
0.01126861572265625
0.012345552444458008
0.011140584945678711
0.011043787002563477
0.011029481887817383
0.011029958724975586
0.011042356491088867
0.011048078536987305
0.011030435562133789
0.011049032211303711
0.011054515838623047
0.011000871658325195
0.011007547378540039
0.010993003845214844
0.01098322868347168
0.011014938354492188
0.011012077331542969
0.011245965957641602
0.01123499870300293
0.011256933212280273
0.011283159255981445
0.011232137680053711
0.011204242706298828
0.01124262809753418
0.01245570182800293
0.011162281036376953
0.011243343353271484
0.011124134063720703
0.011233091354370117
0.012467145919799805
0.011262178421020508
0.011276006698608398
0.011172056198120117
0.011026382446289062
0.011044502258300781
0.011038780212402344
0.01105189323425293
0.01103353500366211
0.011006355285644531
0.011028289794921875
0.011019468307495117
0.011019229888916016
0.011011838912963867
0.01100778579711914
0.011014461517333984
0.010994434356689453
0.011002540588378906
0.011038064956665039
0.011003255844116211
0.011021852493286133
0.011009931564331055
0.011001825332641602
0.011053800582885742
0.010995149612426758
0.011020183563232422
0.011018037796020508
0.011010408401489258
0.01100468635559082
0.011627197265625
0.011019468307495117
0.010992765426635742
0.011003255844116211
0.011022806167602539
0.011056900024414062
0.01100611686706543
0.011008501052856445
0.011001348495483398
0.01099705696105957
0.011005640029907227
0.011002540588378906
0.010998725891113281
0.011008024215698242
0.011033058166503906
0.010988235473632812
0.011012554168701172
0.011005640029907227
0.011007070541381836
0.011013507843017578
0.010983705520629883
0.011000871658325195
0.01101994514465332
0.010999679565429688
0.011011123657226562
0.011002063751220703
0.011012554168701172
0.011021137237548828
0.011009454727172852
0.011002302169799805
0.011013269424438477
0.011027336120605469
0.010998249053955078
0.011015892028808594
0.010987997055053711
0.011009931564331055
0.011072397232055664
0.011069059371948242
0.011049509048461914
0.011050224304199219
0.011067390441894531
0.011036872863769531
0.011051177978515625
0.011055707931518555
0.011042118072509766
0.011033773422241211
0.011060953140258789
0.011064291000366211
0.011044979095458984
0.011058568954467773
0.011060476303100586
0.011075735092163086
0.011045694351196289
0.011033058166503906
0.011037588119506836
0.011048078536987305
0.011068105697631836
0.011037826538085938
0.01105809211730957
0.011056661605834961
0.011068344116210938
0.011043548583984375
0.011051416397094727
0.011045455932617188
0.011046648025512695
0.01105356216430664
0.011053323745727539
0.011062383651733398
0.01106119155883789
0.011046171188354492
0.01104879379272461
0.011048316955566406
0.011040687561035156
0.011047124862670898
0.011047124862670898
0.011039495468139648
0.011034727096557617
0.011048316955566406
0.01104736328125
0.011051654815673828
0.011045217514038086
0.011036872863769531
0.011038780212402344
0.011030912399291992
0.011055469512939453
0.011034965515136719
0.011055707931518555
0.011037826538085938
0.011049270629882812
0.011066913604736328
0.011047840118408203
0.011033058166503906
0.01103520393371582
0.011033773422241211
0.011042118072509766
0.011042118072509766
0.01106715202331543
0.011057853698730469
0.011081695556640625
0.011037111282348633
0.011056900024414062
0.011040449142456055
0.011039495468139648
0.011047124862670898
0.011037826538085938
0.011046171188354492
0.011053800582885742
0.01105356216430664
0.011045455932617188
0.01104736328125
0.011028766632080078
0.011051654815673828
0.011202573776245117
0.011236190795898438
0.011242151260375977
0.01105189323425293
0.012504816055297852
0.011322736740112305
0.011199951171875
0.011271476745605469
0.01130056381225586
0.011185884475708008
0.011109113693237305
0.011281013488769531
0.011293411254882812
0.011230707168579102
0.011158227920532227
0.011226177215576172
0.011082649230957031
0.011052846908569336
0.011048316955566406
0.011034011840820312
0.011070728302001953
0.011211872100830078
0.011419296264648438
0.011174440383911133
0.01107931137084961
0.011024951934814453
0.011077404022216797
0.011053323745727539
0.011025190353393555
0.011049985885620117
0.011030435562133789
0.011081695556640625
0.011040210723876953
0.011050701141357422
0.011031389236450195
0.011261224746704102
0.011043310165405273
0.011028766632080078
0.011021852493286133
0.011049032211303711
0.011060953140258789
0.011238574981689453
0.011889219284057617
0.011072874069213867
0.01124715805053711
0.011226654052734375
0.01104593276977539
0.011034250259399414
0.011061906814575195
0.011032819747924805
0.011284112930297852
0.011063098907470703
0.011024236679077148
0.011196136474609375
0.011296749114990234
0.011110782623291016
0.011208772659301758
0.011256694793701172
0.013667106628417969
0.011249065399169922
0.012320995330810547
0.011095285415649414
0.011048316955566406
0.01104736328125
0.011033296585083008
0.011050224304199219
0.011059045791625977
0.01103520393371582
0.011048078536987305
0.011402130126953125
0.011259078979492188
0.013113975524902344
0.011331796646118164
0.011243581771850586
0.011098623275756836
0.011071920394897461
0.011034488677978516
0.01106405258178711
0.01104116439819336
0.01106119155883789
0.011049985885620117
0.011052846908569336
0.011063575744628906
0.011047124862670898
0.011047840118408203
0.011047124862670898
0.011047124862670898
0.011049270629882812
0.011035442352294922
0.011052131652832031
0.011050939559936523
0.011052370071411133
0.011043787002563477
0.011049985885620117
0.011046886444091797
0.01103353500366211
0.011048316955566406
0.011057138442993164
0.011042356491088867
0.01105046272277832
0.011070013046264648
0.011070013046264648
0.011060237884521484
0.011059761047363281
0.011046648025512695
0.011044025421142578
0.011037826538085938
0.011086225509643555
0.011048555374145508
0.011049270629882812
0.011065006256103516
0.011076927185058594
0.01106715202331543
0.011076211929321289
0.011062145233154297
0.01107025146484375
0.011055946350097656
0.01105499267578125
0.011072158813476562
0.011072874069213867
0.01107645034790039
0.011065483093261719
0.011093378067016602
0.011052846908569336
0.011081218719482422
0.011069774627685547
0.01107168197631836
0.011059999465942383
0.011071443557739258
0.0110626220703125
0.011060476303100586
0.011064767837524414
0.011060476303100586
0.011058330535888672
0.011063337326049805
0.011115789413452148
0.01105189323425293
0.011053323745727539
0.011058330535888672
0.011087894439697266
0.011062383651733398
0.01106405258178711
0.011078596115112305
0.011046648025512695
0.01105189323425293
0.011066913604736328
0.01105356216430664
0.011049032211303711
0.011060714721679688
0.011068582534790039
0.011058807373046875
0.011063098907470703
0.011058807373046875
0.011051416397094727
0.011055469512939453
0.011058807373046875
0.011059999465942383
0.011072397232055664
0.011063337326049805
0.011071443557739258
0.011075735092163086
0.011061906814575195
0.01104283332824707
0.011080741882324219
0.01105356216430664
0.01108241081237793
0.011046648025512695
0.011064767837524414
0.011062383651733398
0.011070728302001953
0.011063337326049805
0.011057615280151367
0.011058807373046875
0.011060237884521484
0.011059999465942383
0.0110626220703125
0.011063575744628906
0.011059284210205078
0.01104879379272461
0.011065483093261719
0.011066198348999023
0.01106882095336914
0.01105952262878418
0.011063337326049805
0.011057853698730469
0.0110626220703125
0.01106572151184082
0.01105499267578125
0.011058330535888672
0.011063814163208008
0.011054515838623047
0.011057376861572266
0.01107645034790039
0.011059045791625977
0.011066675186157227
0.011072874069213867
0.011049509048461914
0.01105499267578125
0.011067390441894531
0.01105642318725586
0.011057615280151367
0.011069059371948242
0.011053800582885742
0.011063098907470703
0.011065244674682617
0.011060237884521484
0.011057615280151367
0.01105189323425293
0.01105642318725586
0.011054754257202148
0.011067390441894531
0.011077642440795898
0.011075973510742188
0.011060953140258789
0.011047840118408203
0.011059284210205078
0.011074542999267578
0.011043787002563477
0.011067390441894531
0.011051654815673828
0.011058807373046875
0.011051416397094727
0.011058568954467773
0.01105499267578125
0.011096477508544922
0.011058330535888672
0.011065483093261719
0.011065483093261719
0.011060237884521484
0.011086463928222656
0.011073589324951172
0.011055946350097656
0.011077642440795898
0.011065483093261719
0.011074304580688477
0.01104879379272461
0.011056900024414062
0.011059284210205078
0.011054515838623047
0.011061906814575195
0.011064767837524414
0.011060714721679688
0.011055946350097656
0.011058330535888672
0.01106405258178711
0.011068344116210938
0.011051654815673828
0.01105952262878418
0.01106715202331543
0.011078596115112305
0.011065959930419922
0.011055469512939453
0.01106405258178711
0.011064529418945312
0.011063575744628906
0.011059045791625977
0.011059761047363281
0.011044502258300781
0.011071205139160156
0.011055707931518555
0.011060953140258789
0.011059284210205078
0.011057138442993164
0.011053800582885742
0.011069059371948242
0.01106715202331543
0.011075735092163086
0.011057853698730469
0.011055231094360352
0.011059999465942383
0.011070966720581055
0.011074066162109375
0.01108551025390625
0.011075735092163086
0.011053323745727539
0.011067867279052734
0.01105356216430664
0.011057138442993164
0.011066436767578125
0.011053800582885742
0.011066198348999023
0.011066436767578125
0.011072874069213867
0.011057615280151367
0.011046886444091797
0.01105642318725586
0.01107168197631836
0.011056184768676758
0.011065483093261719
0.011071920394897461
0.011079788208007812
0.011055469512939453
0.011069774627685547
0.011063337326049805
0.011065483093261719
0.011064291000366211
0.011060714721679688
0.011071443557739258
0.011050701141357422
0.01105809211730957
0.011065483093261719
0.011083126068115234
0.011053800582885742
0.011047601699829102
0.011057376861572266
0.01105809211730957
0.011057376861572266
0.011057376861572266
0.011068582534790039
0.011067390441894531
0.011064529418945312
0.011072158813476562
0.011061668395996094
0.01107335090637207
0.011052131652832031
0.011059761047363281
0.01107478141784668
0.011067628860473633
0.011070966720581055
0.01105499267578125
0.011066198348999023
0.011075019836425781
0.011086702346801758
0.011067390441894531
0.011067867279052734
0.011055707931518555
0.011068582534790039
0.011119604110717773
0.011129379272460938
0.011108636856079102
0.011104345321655273
0.011101245880126953
0.011152029037475586
0.011102676391601562
0.01110219955444336
0.011131763458251953
0.0110931396484375
0.011101484298706055
0.011421918869018555
0.011269330978393555
0.011346817016601562
0.011327505111694336
0.011343717575073242
0.011327505111694336
0.01233673095703125
0.011316299438476562
0.011251688003540039
0.011303901672363281
0.011318206787109375
0.011265993118286133
0.01129770278930664
0.011352300643920898
0.011271476745605469
0.011337041854858398
0.011348962783813477
0.011325359344482422
0.01139378547668457
0.011342763900756836
0.011250972747802734
0.011332273483276367
0.011261224746704102
0.01126718521118164
0.011343002319335938
0.011259317398071289
0.011312484741210938
0.011338949203491211
0.011248350143432617
0.01133871078491211
0.012029409408569336
0.011301994323730469
0.011348962783813477
0.011370182037353516
0.011673688888549805
0.011153221130371094
0.011268138885498047
0.011135578155517578
0.011384010314941406
0.011256694793701172
0.011315584182739258
0.011258125305175781
0.011180639266967773
0.011245012283325195
0.011248350143432617
0.01117253303527832
0.011236429214477539
0.01132059097290039
0.011303424835205078
0.011313915252685547
0.01113581657409668
0.01117563247680664
0.011146306991577148
0.011130094528198242
0.011338949203491211
0.011158466339111328
0.01154017448425293
0.011252403259277344
0.011133670806884766
0.011133670806884766
0.011151790618896484
0.011139631271362305
0.011170387268066406
0.011139631271362305
0.011167526245117188
0.011145591735839844
0.011132955551147461
0.011101722717285156
0.011094331741333008
0.011115312576293945
0.011095523834228516
0.011103391647338867
0.01110529899597168
0.011108875274658203
0.011923789978027344
0.011115550994873047
0.011106014251708984
0.011117935180664062
0.011183023452758789
0.011100530624389648
0.011109590530395508
0.01110696792602539
0.01132059097290039
0.011255979537963867
0.011220455169677734
0.01114964485168457
0.011208534240722656
0.011777877807617188
0.011291742324829102
0.011578798294067383
0.011214017868041992
0.01147603988647461
0.011130571365356445
0.01111602783203125
0.011911392211914062
0.011180639266967773
0.012304067611694336
0.011308908462524414
0.011363744735717773
0.01110529899597168
0.011134147644042969
0.011099576950073242
0.011111021041870117
0.011109352111816406
0.011125326156616211
0.01115870475769043
0.011114835739135742
0.011107683181762695
0.011106252670288086
0.011100530624389648
0.01112055778503418
0.011117696762084961
0.011096000671386719
0.01141357421875
0.011327743530273438
0.011081218719482422
0.012456178665161133
0.011101961135864258
0.011274099349975586
0.011262655258178711
0.011281728744506836
0.011240959167480469
0.012247085571289062
0.011280298233032227
0.011137723922729492
0.011446952819824219
0.011137962341308594
0.011400938034057617
0.011130094528198242
0.011132955551147461
0.011655807495117188
0.011167764663696289
0.011317729949951172
0.01129603385925293
0.011495828628540039
0.011389017105102539
0.011333227157592773
0.011627912521362305
0.011130094528198242
0.011101722717285156
0.011100292205810547
0.011122941970825195
0.011247873306274414
0.011078834533691406
0.01111149787902832
0.011729717254638672
0.011254549026489258
0.01126861572265625
0.011143207550048828
0.011127710342407227
0.011099815368652344
0.011225700378417969
0.012111663818359375
0.011116981506347656
0.011125326156616211
0.011096477508544922
0.011224508285522461
0.011110782623291016
0.01109170913696289
0.011113405227661133
0.011088848114013672
0.01135563850402832
0.011359691619873047
0.011424541473388672
0.011084318161010742
0.011108160018920898
0.011104822158813477
0.011245489120483398
0.011119604110717773
0.01211094856262207
0.011263132095336914
0.012112140655517578
0.011370182037353516
0.011415719985961914
0.011389732360839844
0.011153697967529297
0.011257171630859375
0.011376142501831055
0.011420249938964844
0.011380672454833984
0.01108551025390625
0.011323213577270508
0.011142730712890625
0.011134862899780273
0.011567354202270508
0.011127948760986328
0.01113128662109375
0.011277198791503906
0.011339664459228516
0.011334896087646484
0.011389493942260742
0.011469125747680664
0.011332511901855469
0.011226892471313477
0.01134490966796875
0.011215686798095703
0.011140108108520508
0.011254310607910156
0.01218724250793457
0.011188745498657227
0.011134862899780273
0.011219978332519531
0.011233806610107422
0.011142969131469727
0.011141777038574219
0.011153459548950195
0.011141061782836914
0.01114511489868164
0.01109766960144043
0.011106014251708984
0.011260271072387695
0.011310100555419922
0.01113271713256836
0.011134862899780273
0.011135339736938477
0.01112675666809082
0.011144638061523438
0.011138916015625
0.011124372482299805
0.01113271713256836
0.011141061782836914
0.01110982894897461
0.011464118957519531
0.011272907257080078
0.011359930038452148
0.01110386848449707
0.01121068000793457
0.011220932006835938
0.011324882507324219
0.01134943962097168
0.01134943962097168
0.011338233947753906
0.011350631713867188
0.01132512092590332
0.011276006698608398
0.011355161666870117
0.011240005493164062
0.011332511901855469
0.011231184005737305
0.011302709579467773
0.011323690414428711
0.011249065399169922
0.011178970336914062
0.011315584182739258
0.011370658874511719
0.011303186416625977
0.011325836181640625
0.011401653289794922
0.01120901107788086
0.011130571365356445
0.011603832244873047
0.01130056381225586
0.011137247085571289
0.011133432388305664
0.011110067367553711
0.011310338973999023
0.011106252670288086
0.011333942413330078
0.011115312576293945
0.011094093322753906
0.011313915252685547
0.011346817016601562
0.01115274429321289
0.011859416961669922
0.011315107345581055
0.011134147644042969
0.011145830154418945
0.011148214340209961
0.011161327362060547
0.011145591735839844
0.01113748550415039
0.011219024658203125
0.011111021041870117
0.01127314567565918
0.011347532272338867
0.011326074600219727
0.011335372924804688
0.011326789855957031
0.011350870132446289
0.011280536651611328
0.011490821838378906
0.012451171875
0.011141538619995117
0.012526750564575195
0.01125335693359375
0.011127710342407227
0.011099100112915039
0.011081457138061523
0.011087894439697266
