0.010734796524047852
0.010998725891113281
0.012796640396118164
0.01278066635131836
0.012084245681762695
0.010595560073852539
0.010608196258544922
0.010557174682617188
0.010482072830200195
0.010421991348266602
0.010600090026855469
0.010513782501220703
0.010439157485961914
0.010544538497924805
0.010633468627929688
0.010570526123046875
0.010527372360229492
0.01045083999633789
0.010508298873901367
0.010790109634399414
0.010785818099975586
0.015642166137695312
0.011965513229370117
0.011947154998779297
0.011936426162719727
0.011469841003417969
0.01087498664855957
0.010846138000488281
0.01099538803100586
0.010905027389526367
0.01083064079284668
0.013724088668823242
0.014427661895751953
0.015141725540161133
0.014797210693359375
0.015459537506103516
0.011125802993774414
0.014798164367675781
0.01114201545715332
0.01550149917602539
0.016913890838623047
0.01388239860534668
0.015491485595703125
0.011497259140014648
0.016056299209594727
0.01500558853149414
0.014788389205932617
0.015061378479003906
0.011151552200317383
0.015741825103759766
0.011320352554321289
0.012473344802856445
0.013705253601074219
0.014691352844238281
0.012055635452270508
0.012077093124389648
0.012081384658813477
0.012429237365722656
0.010897159576416016
0.010851621627807617
0.01082921028137207
0.010770320892333984
0.010833501815795898
0.010756492614746094
0.010778188705444336
0.010794401168823242
0.015413761138916016
0.011986017227172852
0.01195073127746582
0.01529836654663086
0.012080669403076172
0.011230230331420898
0.015038728713989258
0.015317916870117188
0.016953229904174805
0.011174917221069336
0.01116633415222168
0.011127233505249023
0.011150598526000977
0.011143684387207031
0.011147022247314453
0.011142730712890625
0.011112213134765625
0.011139392852783203
0.011095523834228516
0.011082887649536133
0.012001514434814453
0.01118326187133789
0.011146068572998047
0.011162996292114258
0.011146068572998047
0.011138200759887695
0.011117935180664062
0.01116943359375
0.011119604110717773
0.01115870475769043
0.011110305786132812
0.011107921600341797
0.011106729507446289
0.011121511459350586
0.01113271713256836
0.011142253875732422
0.011110305786132812
0.011143207550048828
0.011113643646240234
0.01112508773803711
0.011129140853881836
0.011080741882324219
0.011099100112915039
0.011119365692138672
0.011137247085571289
0.011099576950073242
0.011085987091064453
0.011115074157714844
0.011096715927124023
0.011094093322753906
0.011045694351196289
0.011099576950073242
0.01112222671508789
0.01112508773803711
0.011110305786132812
0.011110067367553711
0.011150121688842773
0.011064767837524414
0.01106882095336914
0.011067867279052734
0.011100053787231445
0.011106252670288086
0.01107478141784668
0.011120319366455078
0.011106252670288086
0.011117219924926758
0.0110931396484375
0.011081933975219727
0.011113643646240234
0.011091232299804688
0.011077404022216797
0.011095523834228516
0.011372804641723633
0.011245250701904297
0.011092424392700195
0.01108694076538086
0.01104879379272461
0.011072158813476562
0.011097431182861328
0.011341094970703125
0.011127710342407227
0.011079788208007812
0.011078834533691406
0.011136531829833984
0.011087656021118164
0.01141977310180664
0.011114835739135742
0.01111292839050293
0.011088132858276367
0.011240005493164062
0.01109004020690918
0.011097431182861328
0.011154651641845703
0.01108098030090332
0.011098623275756836
0.011096954345703125
0.011085748672485352
0.012700080871582031
0.010844945907592773
0.01367950439453125
0.010732889175415039
0.010727643966674805
0.010926485061645508
0.015150070190429688
0.018202543258666992
0.010679483413696289
0.01587200164794922
0.013734579086303711
0.01625370979309082
0.014479637145996094
0.020111799240112305
0.01407933235168457
0.014492034912109375
0.014381647109985352
0.015403270721435547
0.015280723571777344
0.017371177673339844
0.010835409164428711
0.010797262191772461
0.011192798614501953
0.01353311538696289
0.014763355255126953
0.012472867965698242
0.01067352294921875
0.014368534088134766
0.014639854431152344
0.010997295379638672
0.015471935272216797
0.015392541885375977
0.015381336212158203
0.014764785766601562
0.012032270431518555
0.011100053787231445
0.015512228012084961
0.01792454719543457
0.015973567962646484
0.01459360122680664
0.015662670135498047
0.017862558364868164
0.013332843780517578
0.01191854476928711
0.011868715286254883
0.011873722076416016
0.011975526809692383
0.011878013610839844
0.011938095092773438
0.011869668960571289
0.011513948440551758
0.01108407974243164
0.011091947555541992
0.011107921600341797
0.01112222671508789
0.011097908020019531
0.011102914810180664
0.01530003547668457
0.015571355819702148
0.015380144119262695
0.015345096588134766
0.016032695770263672
0.015350341796875
0.015430688858032227
0.018178462982177734
0.01629042625427246
0.01600956916809082
0.012974739074707031
0.015603780746459961
0.018144607543945312
0.015378713607788086
0.01538705825805664
0.014726638793945312
0.011860370635986328
0.011921167373657227
0.011871337890625
0.01198887825012207
0.011882781982421875
0.011103391647338867
0.011041641235351562
0.011110067367553711
0.011043071746826172
0.01107478141784668
0.011097908020019531
0.011058330535888672
0.011134862899780273
0.011120796203613281
0.011078596115112305
0.011061429977416992
0.011142253875732422
0.011060714721679688
0.01104593276977539
0.011131048202514648
0.011089801788330078
0.01104593276977539
0.01158452033996582
0.011184453964233398
0.011047124862670898
0.011350393295288086
0.011073827743530273
0.01109623908996582
0.011088848114013672
0.011876821517944336
0.01116800308227539
0.011087179183959961
0.01106405258178711
0.011071443557739258
0.011061429977416992
0.011059284210205078
0.011133909225463867
0.011043071746826172
0.011047840118408203
0.011057138442993164
0.011055946350097656
0.011057138442993164
0.011073589324951172
0.01105952262878418
0.011075973510742188
0.011102914810180664
0.011083126068115234
0.011073827743530273
0.011078596115112305
0.011065959930419922
0.011090993881225586
0.011105060577392578
0.011088132858276367
0.01109766960144043
0.011069297790527344
0.011184930801391602
0.011061429977416992
0.011063098907470703
0.011200666427612305
0.011079788208007812
0.011046171188354492
0.01114034652709961
0.01108407974243164
0.011340618133544922
0.011151552200317383
0.011063814163208008
0.011045217514038086
0.01105642318725586
0.01108098030090332
0.011086463928222656
0.011056900024414062
0.011057376861572266
0.011050224304199219
0.01110696792602539
0.011067628860473633
0.011092662811279297
0.011069774627685547
0.011057615280151367
0.011062383651733398
0.011080026626586914
0.011092662811279297
0.011061906814575195
0.011083126068115234
0.01108241081237793
0.011379480361938477
0.01112222671508789
0.011080265045166016
0.011137247085571289
0.011228799819946289
0.011085748672485352
0.011085271835327148
0.011205196380615234
0.011075019836425781
0.011229276657104492
0.011094808578491211
0.01105809211730957
0.011053800582885742
0.01110076904296875
0.011063814163208008
0.011077880859375
0.011052608489990234
0.011082172393798828
0.011075735092163086
0.011066198348999023
0.011096954345703125
0.011060476303100586
0.011211872100830078
0.011049270629882812
0.011063337326049805
0.011058330535888672
0.011068582534790039
0.011066675186157227
0.011056184768676758
0.011060953140258789
0.011083841323852539
0.011061906814575195
0.011127710342407227
0.011097908020019531
0.01105642318725586
0.011058807373046875
0.011033773422241211
0.011091232299804688
0.011067867279052734
0.011074542999267578
0.011043071746826172
0.011025428771972656
0.011044502258300781
0.011034965515136719
0.011116266250610352
0.011132478713989258
0.011066198348999023
0.011079788208007812
0.011034250259399414
0.011084556579589844
0.011084556579589844
0.01107931137084961
0.011069297790527344
0.014781475067138672
0.013451814651489258
0.01395726203918457
0.011169910430908203
0.011976242065429688
0.011811971664428711
0.014385461807250977
0.015516042709350586
0.015380382537841797
0.014723539352416992
0.01184535026550293
0.015352249145507812
0.014950752258300781
0.013406753540039062
0.01569819450378418
0.014989137649536133
0.011927127838134766
0.01133275032043457
0.010746240615844727
0.010672807693481445
0.01078653335571289
0.014577150344848633
0.01678299903869629
0.012466669082641602
0.011879205703735352
0.010722160339355469
0.01087188720703125
0.010790586471557617
0.010818004608154297
0.010770082473754883
0.010728120803833008
0.010840177536010742
0.010716438293457031
0.010827064514160156
0.010735273361206055
0.010985851287841797
0.010731697082519531
0.010714054107666016
0.010813474655151367
0.010669946670532227
0.011156082153320312
0.015198945999145508
0.01463937759399414
0.01259756088256836
0.017392635345458984
0.014781475067138672
0.011020183563232422
0.010846853256225586
0.010880470275878906
0.010775566101074219
0.015418529510498047
0.01072835922241211
0.010755538940429688
0.01322484016418457
0.015418529510498047
0.011974573135375977
0.01586294174194336
0.014861822128295898
0.017165422439575195
0.014038562774658203
0.018400192260742188
0.011435508728027344
0.011080741882324219
0.011057615280151367
0.011080026626586914
0.01109004020690918
0.01127481460571289
0.011034488677978516
0.011054754257202148
0.015520572662353516
0.015278100967407227
0.017302989959716797
0.015429496765136719
0.01569056510925293
0.01112222671508789
0.011080741882324219
0.01131749153137207
0.011068582534790039
0.011064767837524414
0.011065006256103516
0.011043787002563477
0.011095046997070312
0.01104879379272461
0.0110626220703125
0.011059045791625977
0.011394023895263672
0.011033773422241211
0.011050701141357422
0.011059999465942383
0.011043071746826172
0.01104736328125
0.011049509048461914
0.011033058166503906
0.011086463928222656
0.011084794998168945
0.011049270629882812
0.01107645034790039
0.011057376861572266
0.011059999465942383
0.011057138442993164
0.011067628860473633
0.01104593276977539
0.011069774627685547
0.011057138442993164
0.011071920394897461
0.0110626220703125
0.011066436767578125
0.011078596115112305
0.011083602905273438
0.01104116439819336
0.01105189323425293
0.011047840118408203
0.011061906814575195
0.011053085327148438
0.011079549789428711
0.011059761047363281
0.011091947555541992
0.011059999465942383
0.011068105697631836
0.011056900024414062
0.011062145233154297
0.011054039001464844
0.011075258255004883
0.01105642318725586
0.011070013046264648
0.011052608489990234
0.01105952262878418
0.01123499870300293
0.011057138442993164
0.011243343353271484
0.011064529418945312
0.011060237884521484
0.011078596115112305
0.011244773864746094
0.011085033416748047
0.011281490325927734
0.011086702346801758
0.011028289794921875
0.01105809211730957
0.01123666763305664
0.011052370071411133
0.011056900024414062
0.01108098030090332
0.011061668395996094
0.011056661605834961
0.011077404022216797
0.011044025421142578
0.011083364486694336
0.011063814163208008
0.011071205139160156
0.011049747467041016
0.011069536209106445
0.011049509048461914
0.011057853698730469
0.011090755462646484
0.011048316955566406
0.011089563369750977
0.011068344116210938
0.011057615280151367
0.011061668395996094
0.011083126068115234
0.01108551025390625
0.011048316955566406
0.011066675186157227
0.011055946350097656
0.011071920394897461
0.011129379272460938
0.011055707931518555
0.011085987091064453
0.011063814163208008
0.011086463928222656
0.011097431182861328
0.011085271835327148
0.01110696792602539
0.011043787002563477
0.011049032211303711
0.011059045791625977
0.011055469512939453
0.011075258255004883
0.011070966720581055
0.011060953140258789
0.011046171188354492
0.011054754257202148
0.011042356491088867
0.011077880859375
0.011048555374145508
0.01107478141784668
0.011060237884521484
0.01107931137084961
0.011064529418945312
0.011048078536987305
0.011029958724975586
0.01108407974243164
0.011132240295410156
0.01105952262878418
0.0110626220703125
0.01108694076538086
0.01107931137084961
0.011087656021118164
0.0110626220703125
0.011030197143554688
0.01109170913696289
0.011091470718383789
0.01108694076538086
0.011064291000366211
0.012085437774658203
0.011059999465942383
0.011072874069213867
0.01106715202331543
0.011150598526000977
0.011069297790527344
0.011066913604736328
0.011128425598144531
0.011043071746826172
0.011110544204711914
0.011285543441772461
0.011086463928222656
0.011100530624389648
0.011383533477783203
0.011107921600341797
0.011056661605834961
0.011096715927124023
0.011076211929321289
0.011055231094360352
0.011282682418823242
0.011269330978393555
0.011144638061523438
0.011068344116210938
0.011053800582885742
0.011356115341186523
0.011070728302001953
0.011072158813476562
0.011084794998168945
0.01108860969543457
0.011106729507446289
0.011070966720581055
0.011080026626586914
0.011055946350097656
0.011070728302001953
0.011069774627685547
0.01122283935546875
0.011070966720581055
0.011121273040771484
0.01109766960144043
0.011084794998168945
0.011038780212402344
0.011051177978515625
0.011071920394897461
0.011077880859375
0.011416435241699219
0.011163473129272461
0.011051654815673828
0.011035919189453125
0.011092185974121094
0.011088371276855469
0.011061429977416992
0.01108694076538086
0.011072635650634766
0.011045217514038086
0.011055707931518555
0.011084318161010742
0.011088371276855469
0.011193275451660156
0.011057853698730469
0.011073589324951172
0.011070966720581055
0.011088132858276367
0.01107478141784668
0.011080503463745117
0.011073112487792969
0.011249303817749023
0.011062383651733398
0.011068344116210938
0.011063575744628906
0.01105809211730957
0.011046409606933594
0.011080265045166016
0.011377334594726562
0.011092424392700195
0.011076927185058594
0.011046648025512695
0.011092185974121094
0.011061429977416992
0.011068105697631836
0.01107645034790039
0.011142492294311523
0.011074304580688477
0.011256933212280273
0.011066675186157227
0.011081695556640625
0.011081457138061523
0.011066675186157227
0.011068105697631836
0.011091947555541992
0.011057853698730469
0.011063575744628906
0.011083364486694336
0.011415243148803711
0.01105809211730957
0.0111236572265625
0.011108875274658203
0.011113643646240234
0.011099576950073242
0.011057615280151367
0.011089324951171875
0.011065244674682617
0.011063337326049805
0.011109590530395508
0.011093854904174805
0.011062145233154297
0.011074066162109375
0.011092185974121094
0.011101484298706055
0.011079788208007812
0.01107931137084961
0.011105775833129883
0.011112451553344727
0.011097192764282227
0.011093854904174805
0.011071920394897461
0.011060714721679688
0.01109766960144043
0.011095046997070312
0.011128425598144531
0.011076688766479492
0.011075735092163086
0.011066436767578125
0.011076688766479492
0.011083126068115234
0.011083602905273438
0.011103630065917969
0.011095762252807617
0.011054039001464844
0.011077165603637695
0.011075496673583984
0.011077404022216797
0.011093616485595703
0.011072874069213867
0.01571941375732422
0.018637895584106445
0.015518665313720703
0.015243291854858398
0.015444517135620117
0.015453338623046875
0.018360137939453125
0.015431642532348633
0.01460576057434082
0.015271425247192383
0.015346527099609375
0.015284061431884766
0.015407323837280273
0.01531529426574707
0.014604330062866211
0.015375375747680664
0.015214204788208008
0.015402555465698242
0.014592170715332031
0.015465974807739258
0.015989303588867188
0.015456438064575195
0.014510631561279297
0.014528512954711914
0.015397071838378906
0.014559507369995117
0.01548624038696289
0.015443086624145508
0.014720439910888672
0.015345096588134766
0.016035795211791992
0.015128850936889648
0.015380144119262695
0.015311956405639648
0.015448570251464844
0.011922836303710938
0.015454292297363281
0.011884927749633789
0.015555858612060547
0.015247821807861328
0.015500307083129883
0.014659643173217773
0.012175321578979492
0.015156030654907227
0.014507293701171875
0.012024402618408203
0.015567302703857422
0.017551898956298828
0.015285730361938477
0.01644611358642578
0.011186838150024414
0.01213836669921875
0.011924505233764648
0.011873960494995117
0.014849424362182617
0.012238502502441406
0.01618480682373047
0.014746904373168945
0.011300325393676758
0.012043476104736328
0.011893510818481445
0.011905431747436523
0.011927127838134766
0.011914491653442383
0.01191401481628418
0.011887311935424805
0.011906862258911133
0.011059045791625977
0.011069297790527344
0.011088848114013672
0.011075496673583984
0.01107931137084961
0.011075496673583984
0.011119365692138672
0.01113271713256836
0.011096477508544922
0.011096954345703125
0.011102437973022461
0.011091947555541992
0.011065483093261719
0.011089324951171875
0.011102676391601562
0.015284061431884766
0.013715028762817383
0.013045310974121094
0.012976884841918945
0.01308441162109375
0.013669490814208984
0.015086650848388672
0.015237569808959961
0.014017105102539062
0.014647245407104492
0.011190652847290039
0.011081933975219727
0.015330076217651367
0.012010335922241211
0.015109777450561523
0.015443801879882812
0.015193939208984375
0.011083841323852539
0.011130571365356445
0.011154413223266602
0.011058568954467773
0.011062145233154297
0.01113438606262207
0.01112985610961914
0.011284351348876953
0.01122736930847168
0.011071205139160156
0.011087656021118164
0.011203765869140625
0.010912656784057617
0.010654926300048828
0.015506982803344727
0.015330314636230469
0.015404939651489258
0.016823768615722656
0.011348962783813477
0.014987945556640625
0.014850378036499023
0.01490473747253418
0.014251947402954102
0.016913652420043945
0.014477252960205078
0.01197195053100586
0.015141963958740234
0.011896133422851562
0.012145757675170898
0.011853456497192383
0.011892080307006836
0.011931657791137695
0.011916875839233398
0.015467166900634766
0.014190435409545898
0.016359329223632812
0.01535487174987793
0.014841318130493164
0.011843681335449219
0.011031150817871094
0.011037111282348633
0.011049747467041016
0.011070966720581055
0.012604713439941406
0.010637044906616211
0.013299226760864258
0.017812728881835938
0.014589309692382812
0.015070915222167969
0.010779619216918945
0.010799884796142578
0.010740041732788086
0.014893531799316406
0.015629291534423828
0.015231609344482422
0.010886907577514648
0.010750055313110352
0.011018037796020508
0.010776758193969727
0.010782957077026367
0.010778665542602539
0.010793924331665039
0.015425682067871094
0.015321016311645508
0.014504194259643555
0.010686397552490234
0.010823488235473633
0.011058330535888672
0.01224064826965332
0.010758638381958008
0.014271974563598633
0.014313936233520508
0.01585555076599121
0.015316486358642578
0.014262914657592773
0.014945030212402344
0.011957406997680664
0.014170408248901367
0.015300273895263672
0.015395164489746094
0.015403032302856445
0.010980844497680664
0.012963294982910156
0.011920690536499023
0.01182246208190918
0.014633655548095703
0.01184844970703125
0.01188206672668457
0.018219709396362305
0.015412569046020508
0.015520572662353516
0.015392780303955078
0.014520883560180664
0.015314817428588867
0.017062902450561523
0.015438318252563477
0.012678146362304688
0.011885881423950195
0.0159451961517334
0.016242027282714844
0.012198448181152344
0.01192784309387207
0.011961221694946289
0.01450037956237793
0.011954545974731445
0.011940479278564453
0.011895418167114258
0.011903047561645508
0.011867046356201172
0.010747671127319336
0.010799407958984375
0.014298200607299805
0.013629913330078125
0.011897563934326172
0.011883020401000977
0.011844873428344727
0.01191568374633789
0.011871576309204102
0.011842012405395508
0.011922836303710938
0.011814594268798828
0.011898994445800781
0.01066446304321289
0.01462244987487793
0.013999223709106445
0.015712261199951172
0.010713338851928711
0.016423702239990234
0.014134883880615234
0.015405416488647461
0.015308380126953125
0.015276908874511719
0.014656782150268555
0.015379667282104492
0.01499032974243164
0.015912771224975586
0.01532435417175293
0.014420509338378906
0.015395164489746094
0.014105558395385742
0.014040708541870117
0.015206575393676758
0.014909744262695312
0.012012958526611328
0.015392065048217773
0.015318632125854492
0.01545858383178711
0.01529240608215332
0.014928340911865234
0.012977123260498047
0.011847734451293945
0.012107372283935547
0.015020370483398438
0.011858701705932617
0.011298418045043945
0.011083602905273438
0.013492584228515625
0.011052370071411133
0.015379667282104492
0.010768651962280273
0.01091146469116211
0.014194965362548828
0.015439033508300781
0.010850667953491211
0.015545845031738281
0.013816595077514648
0.01185297966003418
0.01191568374633789
0.011887073516845703
0.011878013610839844
0.011852741241455078
0.011883735656738281
0.014205455780029297
0.011062145233154297
0.014804840087890625
0.015452146530151367
0.01530909538269043
0.014934778213500977
0.015212059020996094
0.015475273132324219
0.013988018035888672
0.01624131202697754
0.01819753646850586
0.011935710906982422
0.015421628952026367
0.014766693115234375
0.010833978652954102
0.010773897171020508
0.01072382926940918
0.010926246643066406
