0.004978179931640625
0.0054552555084228516
0.006718873977661133
0.0065326690673828125
0.005295991897583008
0.005387067794799805
0.0053615570068359375
0.005322933197021484
0.005412101745605469
0.005393028259277344
0.005368232727050781
0.00533294677734375
0.005369901657104492
0.0053958892822265625
0.00536036491394043
0.0053615570068359375
0.005364418029785156
0.005434513092041016
0.005332469940185547
0.005561351776123047
0.0055043697357177734
0.008179426193237305
0.0061266422271728516
0.006119489669799805
0.00612330436706543
0.005512714385986328
0.00557255744934082
0.005526065826416016
0.0055387020111083984
0.005581378936767578
0.005591154098510742
0.005676984786987305
0.007059812545776367
0.007771015167236328
0.009735107421875
0.008079767227172852
0.005713939666748047
0.00762939453125
0.005663156509399414
0.008044719696044922
0.0057048797607421875
0.005730390548706055
0.008001565933227539
0.0058078765869140625
0.0057032108306884766
0.00793004035949707
0.007631778717041016
0.010093450546264648
0.00577235221862793
0.010030746459960938
0.00588536262512207
0.0056993961334228516
0.005696535110473633
0.007197141647338867
0.008560657501220703
0.0062525272369384766
0.0062253475189208984
0.0061342716217041016
0.0055429935455322266
0.0055506229400634766
0.0055484771728515625
0.0054950714111328125
0.005502462387084961
0.005573272705078125
0.005542755126953125
0.0054988861083984375
0.00791168212890625
0.006140708923339844
0.006159782409667969
0.008028984069824219
0.0061511993408203125
0.005738019943237305
0.007783174514770508
0.010043859481811523
0.007869243621826172
0.005733013153076172
0.00568699836730957
0.0057027339935302734
0.005753993988037109
0.005704164505004883
0.005702018737792969
0.005688190460205078
0.005677938461303711
0.0056915283203125
0.005700826644897461
0.0056629180908203125
0.0058841705322265625
0.005700349807739258
0.005706787109375
0.005712747573852539
0.005689859390258789
0.005704641342163086
0.005769491195678711
0.005701541900634766
0.005708932876586914
0.005718708038330078
0.005676984786987305
0.005690813064575195
0.005668163299560547
0.005705833435058594
0.005698204040527344
0.005686521530151367
0.0056934356689453125
0.0057141780853271484
0.0056803226470947266
0.005687236785888672
0.0056765079498291016
0.005669593811035156
0.005669593811035156
0.005662202835083008
0.0056989192962646484
0.0056858062744140625
0.0056459903717041016
0.005678892135620117
0.0056951045989990234
0.00570368766784668
0.0056629180908203125
0.005678653717041016
0.005684852600097656
0.005662202835083008
0.005749702453613281
0.005689382553100586
0.005661487579345703
0.0056798458099365234
0.0056781768798828125
0.005692720413208008
0.005682468414306641
0.005701780319213867
0.0056552886962890625
0.005681514739990234
0.0056912899017333984
0.0056781768798828125
0.005699872970581055
0.00567626953125
0.0056781768798828125
0.0056912899017333984
0.005669593811035156
0.005671977996826172
0.005690336227416992
0.005672454833984375
0.005669832229614258
0.005667686462402344
0.005691051483154297
0.005685567855834961
0.005697011947631836
0.005769491195678711
0.005669355392456055
0.005654811859130859
0.00567936897277832
0.005688190460205078
0.005941629409790039
0.005834341049194336
0.005702972412109375
0.00566864013671875
0.005699872970581055
0.005707502365112305
0.005716800689697266
0.00567317008972168
0.005673408508300781
0.005652904510498047
0.005693197250366211
0.005714893341064453
0.0062487125396728516
0.007895708084106445
0.007651329040527344
0.006968259811401367
0.0055637359619140625
0.005535602569580078
0.0056345462799072266
0.007871866226196289
0.008768558502197266
0.005511045455932617
0.007945537567138672
0.005704402923583984
0.008213996887207031
0.007498264312744141
0.010419845581054688
0.007335186004638672
0.007471799850463867
0.007459402084350586
0.008040904998779297
0.007976531982421875
0.008932828903198242
0.005682229995727539
0.005492687225341797
0.005681276321411133
0.0056078433990478516
0.007828950881958008
0.005847930908203125
0.0054662227630615234
0.007075309753417969
0.00722050666809082
0.005563020706176758
0.00782155990600586
0.007988929748535156
0.007806539535522461
0.007357358932495117
0.006169319152832031
0.005698680877685547
0.008351564407348633
0.009310722351074219
0.007955074310302734
0.009144067764282227
0.008572816848754883
0.009397029876708984
0.006632328033447266
0.006101131439208984
0.006116151809692383
0.006114482879638672
0.006102800369262695
0.00610041618347168
0.006095170974731445
0.006113529205322266
0.00568389892578125
0.005689859390258789
0.005662202835083008
0.005659818649291992
0.005660057067871094
0.005666017532348633
0.005664348602294922
0.007923603057861328
0.007906198501586914
0.007931709289550781
0.007890939712524414
0.007882118225097656
0.008318424224853516
0.007962942123413086
0.008678436279296875
0.009270191192626953
0.009433269500732422
0.006363630294799805
0.007923126220703125
0.009473323822021484
0.007899999618530273
0.008040666580200195
0.008994579315185547
0.006155252456665039
0.0060882568359375
0.006127357482910156
0.0061244964599609375
0.006957292556762695
0.0056629180908203125
0.005632638931274414
0.005663156509399414
0.00570368766784668
0.005662679672241211
0.005675554275512695
0.0056304931640625
0.005654335021972656
0.005646944046020508
0.005648136138916016
0.005646705627441406
0.005681753158569336
0.005644321441650391
0.00565648078918457
0.0056798458099365234
0.0056536197662353516
0.005643606185913086
0.005704641342163086
0.005652666091918945
0.005665779113769531
0.005768537521362305
0.0056514739990234375
0.005649566650390625
0.005675315856933594
0.005876779556274414
0.005645275115966797
0.005680084228515625
0.005652189254760742
0.005650043487548828
0.005677938461303711
0.00564265251159668
0.005647897720336914
0.005661725997924805
0.005679607391357422
0.0056476593017578125
0.005691051483154297
0.005701303482055664
0.005672454833984375
0.005652189254760742
0.005665779113769531
0.0056514739990234375
0.0056552886962890625
0.005644559860229492
0.005651235580444336
0.005661487579345703
0.005702018737792969
0.0056993961334228516
0.005670309066772461
0.005682706832885742
0.005696773529052734
0.005674839019775391
0.005652427673339844
0.005675554275512695
0.005654811859130859
0.00565338134765625
0.0056269168853759766
0.0056455135345458984
0.005694389343261719
0.005657196044921875
0.005660295486450195
0.00565791130065918
0.005656003952026367
0.0057260990142822266
0.0056612491607666016
0.005652666091918945
0.005780696868896484
0.005673646926879883
0.005659341812133789
0.005654335021972656
0.005673408508300781
0.0056569576263427734
0.005732297897338867
0.005674600601196289
0.005661487579345703
0.00569462776184082
0.0056591033935546875
0.005655527114868164
0.0057103633880615234
0.005693197250366211
0.005752086639404297
0.00566554069519043
0.005663156509399414
0.0056569576263427734
0.00567173957824707
0.005671977996826172
0.005676746368408203
0.005650520324707031
0.0056455135345458984
0.005846738815307617
0.005682706832885742
0.005677938461303711
0.005646467208862305
0.0056667327880859375
0.005654573440551758
0.005721569061279297
0.0056726932525634766
0.005681276321411133
0.005677461624145508
0.005678892135620117
0.00565791130065918
0.005660533905029297
0.005772590637207031
0.005646467208862305
0.005668163299560547
0.0057299137115478516
0.005686044692993164
0.005649089813232422
0.005676984786987305
0.0056629180908203125
0.005656242370605469
0.005663871765136719
0.005672931671142578
0.005651235580444336
0.005673885345458984
0.005675315856933594
0.005659580230712891
0.005673646926879883
0.005696773529052734
0.0056552886962890625
0.005673408508300781
0.005652904510498047
0.005674839019775391
0.005647182464599609
0.005695343017578125
0.005666017532348633
0.005666255950927734
0.005660057067871094
0.005664825439453125
0.005642414093017578
0.00564885139465332
0.005671024322509766
0.005669355392456055
0.007642984390258789
0.0056993961334228516
0.0057239532470703125
0.005730152130126953
0.005700349807739258
0.005754709243774414
0.005690574645996094
0.00807642936706543
0.007886886596679688
0.007615089416503906
0.005676746368408203
0.008073568344116211
0.0077092647552490234
0.009607791900634766
0.009222030639648438
0.008208990097045898
0.006106853485107422
0.005829811096191406
0.0055468082427978516
0.005541324615478516
0.005505800247192383
0.0071697235107421875
0.010037660598754883
0.006175518035888672
0.006089687347412109
0.0055294036865234375
0.00553441047668457
0.0055086612701416016
0.00551605224609375
0.0055425167083740234
0.0054891109466552734
0.0055773258209228516
0.005485057830810547
0.005599021911621094
0.005506277084350586
0.005660533905029297
0.005457162857055664
0.005471229553222656
0.005512237548828125
0.005519866943359375
0.005727529525756836
0.009979009628295898
0.007478952407836914
0.008445501327514648
0.007883071899414062
0.007879495620727539
0.005666494369506836
0.005534172058105469
0.005470991134643555
0.005498170852661133
0.008047819137573242
0.007520198822021484
0.00555109977722168
0.005532979965209961
0.007909297943115234
0.007934093475341797
0.006701946258544922
0.007673740386962891
0.009239673614501953
0.0070056915283203125
0.00995635986328125
0.005678653717041016
0.005683183670043945
0.005670785903930664
0.005661487579345703
0.0056531429290771484
0.005685567855834961
0.00567626953125
0.005680084228515625
0.007950305938720703
0.007605075836181641
0.008425235748291016
0.008058309555053711
0.009954690933227539
0.00568079948425293
0.005678892135620117
0.005725860595703125
0.005685329437255859
0.005684614181518555
0.0056765079498291016
0.0056591033935546875
0.005679130554199219
0.005650043487548828
0.005651235580444336
0.0056612491607666016
0.005841732025146484
0.005650043487548828
0.005672931671142578
0.005665302276611328
0.005648136138916016
0.005658149719238281
0.005667686462402344
0.005670070648193359
0.00567173957824707
0.0056629180908203125
0.0056803226470947266
0.005689144134521484
0.0056798458099365234
0.005660057067871094
0.0056726932525634766
0.005660533905029297
0.0056645870208740234
0.005656003952026367
0.005682706832885742
0.005656242370605469
0.005666494369506836
0.005650997161865234
0.00566864013671875
0.005647897720336914
0.005644321441650391
0.0056684017181396484
0.005669355392456055
0.005656242370605469
0.0056645870208740234
0.005650520324707031
0.005646467208862305
0.005696296691894531
0.00566411018371582
0.005639791488647461
0.005645275115966797
0.005670309066772461
0.005657672882080078
0.005647420883178711
0.005651235580444336
0.005690336227416992
0.005656003952026367
0.0056667327880859375
0.005856037139892578
0.00565791130065918
0.005851030349731445
0.005667209625244141
0.0056667327880859375
0.005640268325805664
0.005828380584716797
0.005662441253662109
0.005717039108276367
0.005646228790283203
0.005682945251464844
0.006485939025878906
0.005659818649291992
0.005651712417602539
0.005654096603393555
0.005654811859130859
0.005662441253662109
0.005648374557495117
0.00566864013671875
0.00566554069519043
0.005658864974975586
0.005647897720336914
0.00565338134765625
0.0056629180908203125
0.00567626953125
0.0056421756744384766
0.005670785903930664
0.005669593811035156
0.005657672882080078
0.005658626556396484
0.0056607723236083984
0.00566864013671875
0.0056667327880859375
0.005703926086425781
0.005688905715942383
0.0056612491607666016
0.0056629180908203125
0.005656719207763672
0.0056760311126708984
0.005664348602294922
0.005671977996826172
0.0056650638580322266
0.0056743621826171875
0.005659341812133789
0.005682945251464844
0.005662202835083008
0.00576019287109375
0.005655765533447266
0.005659341812133789
0.005659341812133789
0.005679607391357422
0.005664825439453125
0.005736589431762695
0.0056400299072265625
0.0056650638580322266
0.005644321441650391
0.005670785903930664
0.005662202835083008
0.005660533905029297
0.005655050277709961
0.0056650638580322266
0.005666494369506836
0.00567317008972168
0.0056765079498291016
0.005650520324707031
0.005668163299560547
0.005658388137817383
0.005650520324707031
0.005663633346557617
0.005669116973876953
0.0056781768798828125
0.005652666091918945
0.0056688785552978516
0.005643606185913086
0.005681276321411133
0.005658149719238281
0.0056574344635009766
0.005663633346557617
0.005758523941040039
0.005673885345458984
0.0056915283203125
0.005670785903930664
0.00567317008972168
0.005674839019775391
0.005689382553100586
0.005683183670043945
0.005652189254760742
0.005706310272216797
0.0057070255279541016
0.005652904510498047
0.005678415298461914
0.005674123764038086
0.005696773529052734
0.005670309066772461
0.00572967529296875
0.005671024322509766
0.0056645870208740234
0.005723714828491211
0.0058553218841552734
0.0056552886962890625
0.0056879520416259766
0.005669355392456055
0.0058023929595947266
0.005669593811035156
0.005674600601196289
0.005669116973876953
0.0056858062744140625
0.005683183670043945
0.005665779113769531
0.005670309066772461
0.0056705474853515625
0.0056650638580322266
0.005675554275512695
0.005795717239379883
0.005675315856933594
0.005681753158569336
0.005728006362915039
0.005678653717041016
0.005667924880981445
0.005667448043823242
0.005684375762939453
0.005667209625244141
0.005851030349731445
0.005678653717041016
0.00567173957824707
0.005670309066772461
0.00567936897277832
0.005663871765136719
0.005675792694091797
0.0056993961334228516
0.005665302276611328
0.005669593811035156
0.005667924880981445
0.005677223205566406
0.0056896209716796875
0.0056781768798828125
0.005680561065673828
0.005656719207763672
0.00567626953125
0.005667686462402344
0.005673408508300781
0.005665779113769531
0.005660295486450195
0.005856752395629883
0.005689382553100586
0.0056688785552978516
0.005660057067871094
0.005674600601196289
0.005715608596801758
0.005656242370605469
0.00573277473449707
0.005656003952026367
0.005663156509399414
0.005653858184814453
0.00567936897277832
0.005644321441650391
0.005685567855834961
0.005667924880981445
0.0056841373443603516
0.005673885345458984
0.0058460235595703125
0.005675077438354492
0.0056645870208740234
0.005665779113769531
0.005675077438354492
0.005654811859130859
0.005695343017578125
0.00564265251159668
0.0056726932525634766
0.005656719207763672
0.005831480026245117
0.005654335021972656
0.005673885345458984
0.005664825439453125
0.005673885345458984
0.005665779113769531
0.0056645870208740234
0.005671024322509766
0.005669593811035156
0.005672931671142578
0.0056841373443603516
0.005660295486450195
0.005659818649291992
0.005671024322509766
0.005675792694091797
0.005673408508300781
0.005705118179321289
0.005661725997924805
0.0056722164154052734
0.005678892135620117
0.005666494369506836
0.005654335021972656
0.005681276321411133
0.005704402923583984
0.005659580230712891
0.0056836605072021484
0.005669116973876953
0.005684852600097656
0.005667924880981445
0.005660295486450195
0.005678892135620117
0.005665779113769531
0.00567626953125
0.005671262741088867
0.005693197250366211
0.005657672882080078
0.005670785903930664
0.0056688785552978516
0.0056798458099365234
0.0056667327880859375
0.00569915771484375
0.008152008056640625
0.009277820587158203
0.007953643798828125
0.008072614669799805
0.007991552352905273
0.008013725280761719
0.009886026382446289
0.008000850677490234
0.009227752685546875
0.009073734283447266
0.008041143417358398
0.009927749633789062
0.007891178131103516
0.008095741271972656
0.010161638259887695
0.007873773574829102
0.007922172546386719
0.007918834686279297
0.007534980773925781
0.008014440536499023
0.00993204116821289
0.0079803466796875
0.0075473785400390625
0.0075261592864990234
0.007919788360595703
0.0075609683990478516
0.007879257202148438
0.00806427001953125
0.009154796600341797
0.007542848587036133
0.007750272750854492
0.0077054500579833984
0.008074760437011719
0.007697105407714844
0.0076751708984375
0.0061304569244384766
0.008092880249023438
0.006113529205322266
0.008071184158325195
0.010007143020629883
0.007990360260009766
0.009481191635131836
0.006107807159423828
0.007896661758422852
0.009965658187866211
0.005735635757446289
0.009955167770385742
0.007960319519042969
0.008040428161621094
0.01001429557800293
0.007710933685302734
0.0061070919036865234
0.006113290786743164
0.006093025207519531
0.00905609130859375
0.0060999393463134766
0.00800943374633789
0.00892496109008789
0.005781412124633789
0.0063037872314453125
0.006107330322265625
0.006109952926635742
0.006110668182373047
0.006104946136474609
0.00609898567199707
0.006089210510253906
0.005967855453491211
0.005662441253662109
0.005686521530151367
0.005663633346557617
0.005664825439453125
0.005655765533447266
0.005673408508300781
0.005677223205566406
0.00569605827331543
0.006545305252075195
0.0056760311126708984
0.005690336227416992
0.005676984786987305
0.006300687789916992
0.00568389892578125
0.0056955814361572266
0.008036375045776367
0.00997304916381836
0.0066983699798583984
0.006677865982055664
0.006752967834472656
0.006967067718505859
0.007894039154052734
0.007437705993652344
0.007262229919433594
0.007222175598144531
0.0056612491607666016
0.005589962005615234
0.00782012939453125
0.005602598190307617
0.007784843444824219
0.007851600646972656
0.00793766975402832
0.005667448043823242
0.00567626953125
0.005683183670043945
0.005689144134521484
0.00566864013671875
0.005678892135620117
0.005678653717041016
0.005656719207763672
0.0056934356689453125
0.0056629180908203125
0.005685329437255859
0.005689859390258789
0.005500316619873047
0.005460977554321289
0.008090734481811523
0.00798344612121582
0.00789642333984375
0.0069844722747802734
0.0056879520416259766
0.007857322692871094
0.008887052536010742
0.007768154144287109
0.007280826568603516
0.00610804557800293
0.0061380863189697266
0.006108999252319336
0.00608515739440918
0.006079912185668945
0.006241559982299805
0.006072998046875
0.006112813949584961
0.006146669387817383
0.006978750228881836
0.009076595306396484
0.006987094879150391
0.008672714233398438
0.008041858673095703
0.00913548469543457
0.0060422420501708984
0.005699634552001953
0.0056688785552978516
0.00563812255859375
0.0056574344635009766
0.005460262298583984
0.005512237548828125
0.007671833038330078
0.007902860641479492
0.007025241851806641
0.007953882217407227
0.00548100471496582
0.005466938018798828
0.005538463592529297
0.007674455642700195
0.006962776184082031
0.005801677703857422
0.0055239200592041016
0.005525350570678711
0.005662679672241211
0.005476951599121094
0.005483865737915039
0.0055849552154541016
0.005507230758666992
0.007937431335449219
0.007985353469848633
0.007098674774169922
0.005486726760864258
0.005633115768432617
0.005651235580444336
0.0055255889892578125
0.005557537078857422
0.005533456802368164
0.006278038024902344
0.00610804557800293
0.00800323486328125
0.007296562194824219
0.00736236572265625
0.008171558380126953
0.0061304569244384766
0.008007287979125977
0.007932424545288086
0.007955789566040039
0.007473468780517578
0.006121158599853516
0.006090879440307617
0.006075620651245117
0.0061435699462890625
0.0060956478118896484
0.006138324737548828
0.00909280776977539
0.00796961784362793
0.007961273193359375
0.007400035858154297
0.007154703140258789
0.007918596267700195
0.009643793106079102
0.007909297943115234
0.0063512325286865234
0.006088972091674805
0.010068655014038086
0.007984161376953125
0.006261110305786133
0.006109714508056641
0.00612330436706543
0.007031679153442383
0.006113290786743164
0.006106853485107422
0.006100654602050781
0.006112337112426758
0.006089687347412109
0.005631208419799805
0.005590677261352539
0.006968259811401367
0.006724834442138672
0.0060808658599853516
0.0061113834381103516
0.006074666976928711
0.006111860275268555
0.006054878234863281
0.006100654602050781
0.006134986877441406
0.006072521209716797
0.006097078323364258
0.00546574592590332
0.007281303405761719
0.006132364273071289
0.007952213287353516
0.005483150482177734
0.00966024398803711
0.009162425994873047
0.008078336715698242
0.007907867431640625
0.007970809936523438
0.007354259490966797
0.007897138595581055
0.00769495964050293
0.008458852767944336
0.0067996978759765625
0.009560585021972656
0.008042097091674805
0.009825706481933594
0.00661468505859375
0.007935285568237305
0.009936332702636719
0.006312131881713867
0.007999897003173828
0.007971048355102539
0.007956981658935547
0.007927656173706055
0.007385969161987305
0.00639653205871582
0.006080150604248047
0.0062046051025390625
0.007810115814208984
0.006075143814086914
0.00578761100769043
0.005654096603393555
0.005692481994628906
0.005651950836181641
0.00792074203491211
0.005496501922607422
0.007653474807739258
0.007367134094238281
0.008062601089477539
0.00552821159362793
0.007958650588989258
0.006808280944824219
0.0060999393463134766
0.006091117858886719
0.006120443344116211
0.006090641021728516
0.0060918331146240234
0.006076335906982422
0.007604837417602539
0.005792856216430664
0.00815725326538086
0.007994651794433594
0.008024215698242188
0.0076978206634521484
0.00794529914855957
0.007995843887329102
0.006945610046386719
0.008441448211669922
0.009699344635009766
0.006133317947387695
0.0061740875244140625
0.00878286361694336
0.005523204803466797
0.005659341812133789
0.0055544376373291016
0.005497932434082031
