0.4074277877807617
0.11415457725524902
0.10829901695251465
0.10471391677856445
0.1023561954498291
0.10225844383239746
0.1025090217590332
0.10247159004211426
0.10241031646728516
0.10245656967163086
0.1024625301361084
0.10241270065307617
0.10297441482543945
0.10305070877075195
0.10304903984069824
0.10308504104614258
0.10310173034667969
0.10313725471496582
0.10313653945922852
0.10313582420349121
0.10297822952270508
0.10303258895874023
0.10301709175109863
0.10313129425048828
0.10300421714782715
0.10286951065063477
0.1028432846069336
0.10288381576538086
0.10296106338500977
0.10285496711730957
0.10293388366699219
0.10290122032165527
0.1028892993927002
0.10289168357849121
0.1027977466583252
0.10276675224304199
0.10286831855773926
0.1028904914855957
0.10289764404296875
0.1028141975402832
0.10290312767028809
0.10370969772338867
0.10353851318359375
0.10348820686340332
0.10360527038574219
0.10354757308959961
0.1035606861114502
0.10357499122619629
0.10345697402954102
0.10350251197814941
0.10341215133666992
0.10356926918029785
0.103515625
0.10344195365905762
0.1035306453704834
0.10350632667541504
0.1035618782043457
0.10355329513549805
0.1035768985748291
0.10355091094970703
0.1035921573638916
0.10353255271911621
0.10356664657592773
0.10351395606994629
0.10351777076721191
0.10358858108520508
0.10362768173217773
0.10362744331359863
0.10355424880981445
0.10364985466003418
0.1035916805267334
0.10346794128417969
0.10346603393554688
0.10349440574645996
0.1035618782043457
0.10360288619995117
0.10360074043273926
0.10346436500549316
0.10364532470703125
0.10361504554748535
0.1035470962524414
0.10342979431152344
0.10350298881530762
0.10355067253112793
0.1035616397857666
0.10384440422058105
0.10389018058776855
0.10396313667297363
0.1039583683013916
0.10384845733642578
0.10390996932983398
0.10394906997680664
0.1039121150970459
0.10397219657897949
0.10397148132324219
0.10387635231018066
0.10393810272216797
0.10385727882385254
0.10394287109375
0.10394525527954102
0.10400676727294922
0.10413312911987305
0.10393285751342773
0.10403132438659668
0.10389399528503418
0.10390520095825195
0.10399174690246582
0.10397505760192871
0.10387277603149414
0.10393047332763672
0.1039726734161377
0.10393238067626953
0.1038508415222168
0.10390114784240723
0.10386133193969727
0.10394001007080078
0.10398125648498535
0.10405087471008301
0.10393452644348145
0.1040346622467041
0.10393095016479492
0.10383129119873047
0.10404825210571289
0.10390520095825195
0.1039438247680664
0.10398483276367188
0.1039729118347168
0.10397768020629883
0.10385775566101074
0.10393118858337402
0.10392975807189941
0.10391759872436523
0.10391831398010254
0.10391974449157715
0.10396575927734375
0.10401654243469238
0.10398507118225098
0.10386252403259277
0.1039268970489502
0.10402822494506836
0.10394454002380371
0.10392117500305176
0.10389947891235352
0.10393953323364258
0.10393404960632324
0.10396718978881836
0.10404062271118164
0.10394906997680664
0.1038808822631836
0.10391712188720703
0.1039726734161377
0.10399651527404785
0.10417675971984863
0.1040346622467041
0.10400223731994629
0.10403656959533691
0.1038980484008789
0.10403943061828613
0.10395264625549316
0.1039888858795166
0.10390615463256836
0.10403060913085938
0.10412406921386719
0.10398006439208984
0.10408449172973633
0.10407853126525879
0.10394692420959473
0.10401582717895508
0.10399341583251953
0.10404443740844727
0.10411977767944336
0.10396456718444824
0.10414552688598633
0.10407304763793945
0.10408210754394531
0.10398626327514648
0.10416841506958008
0.10399746894836426
0.10398268699645996
0.10410761833190918
0.10402584075927734
0.10409665107727051
0.10399794578552246
0.10406279563903809
0.10401654243469238
0.10400104522705078
0.10400605201721191
0.10398244857788086
0.10404038429260254
0.10406732559204102
0.10398340225219727
0.10402941703796387
0.10407853126525879
0.10405969619750977
0.10404682159423828
0.10401129722595215
0.1040334701538086
0.10405325889587402
0.10407567024230957
0.10404062271118164
0.10414290428161621
0.10401511192321777
0.10401320457458496
0.10400247573852539
0.10402417182922363
0.10407280921936035
0.10393166542053223
0.10402774810791016
0.10399198532104492
0.10401654243469238
0.10402393341064453
0.1040046215057373
0.10414457321166992
0.10407423973083496
0.10407590866088867
0.10410666465759277
0.10404300689697266
0.10402894020080566
0.10409259796142578
0.10396361351013184
0.10397505760192871
0.10399675369262695
0.1039881706237793
0.10394525527954102
0.10405588150024414
0.1039421558380127
0.10403800010681152
0.10414600372314453
0.10459089279174805
0.10448098182678223
0.10443329811096191
0.10443258285522461
0.10436010360717773
0.1044919490814209
0.1044313907623291
0.10439682006835938
0.10433411598205566
0.10449457168579102
0.10444903373718262
0.10440921783447266
0.10445451736450195
0.10438966751098633
0.10449385643005371
0.10444903373718262
0.1044158935546875
0.10441350936889648
0.10434222221374512
0.10441231727600098
0.10443949699401855
0.10439634323120117
0.10445952415466309
0.1043558120727539
0.10434150695800781
0.10438299179077148
0.10439300537109375
0.10439372062683105
0.10438275337219238
0.10436010360717773
0.10433077812194824
0.10433459281921387
0.10445213317871094
0.10444164276123047
0.10443925857543945
0.10440802574157715
0.10439705848693848
0.10435652732849121
0.10438013076782227
0.10444927215576172
0.10444855690002441
0.10442280769348145
0.10436749458312988
0.10445976257324219
0.10438990592956543
0.10449504852294922
0.10438776016235352
0.10434937477111816
0.10436439514160156
0.1044008731842041
0.10441970825195312
0.10442543029785156
0.10436129570007324
0.1044921875
0.10445165634155273
0.10439038276672363
0.10444402694702148
0.1044454574584961
0.1044151782989502
0.10441875457763672
0.10436725616455078
0.10447120666503906
0.10440659523010254
0.10443472862243652
0.10450243949890137
0.10452961921691895
0.10439753532409668
0.10446882247924805
0.10436439514160156
0.10447049140930176
0.10436582565307617
0.10448503494262695
0.10442686080932617
0.10438084602355957
0.10452127456665039
0.10445928573608398
0.10449576377868652
0.10442757606506348
0.1044774055480957
0.10451960563659668
0.10458135604858398
0.10437726974487305
0.10445570945739746
0.10437989234924316
0.10433173179626465
0.10440206527709961
0.10442185401916504
0.10448360443115234
0.10452008247375488
0.10449433326721191
0.10448670387268066
0.10445356369018555
0.10437488555908203
0.10450911521911621
0.1044623851776123
0.10439419746398926
0.10456585884094238
0.10449051856994629
0.10433530807495117
0.10433101654052734
0.10444188117980957
0.10439181327819824
0.10448884963989258
0.10440468788146973
0.10442686080932617
0.1043691635131836
0.10449457168579102
0.10449790954589844
0.10450935363769531
0.10436296463012695
0.10482430458068848
0.10494780540466309
0.10505557060241699
0.1048269271850586
0.10507941246032715
0.10492587089538574
0.10498166084289551
0.10490083694458008
0.1049356460571289
0.10498929023742676
0.10495877265930176
0.10508012771606445
0.10491204261779785
0.10500383377075195
0.10497522354125977
0.10496139526367188
0.10497045516967773
0.10509300231933594
0.1049044132232666
0.10496187210083008
0.10498881340026855
0.10496115684509277
0.10496306419372559
0.10492944717407227
0.1050264835357666
0.10503840446472168
0.10493588447570801
0.10495638847351074
0.10498905181884766
0.10493135452270508
0.10496997833251953
0.10496354103088379
0.10490083694458008
0.10495829582214355
0.10500836372375488
0.1049509048461914
0.1049654483795166
0.10493874549865723
0.10488557815551758
0.1050102710723877
0.10493254661560059
0.10499787330627441
0.10503077507019043
0.10497212409973145
0.10497117042541504
0.10495948791503906
0.10494279861450195
0.1050267219543457
0.10498213768005371
0.10504722595214844
0.10509490966796875
0.10507965087890625
0.10494375228881836
0.10498595237731934
0.10491228103637695
0.10498762130737305
0.10501599311828613
0.10506582260131836
0.10502028465270996
0.10483002662658691
0.10498356819152832
0.10496258735656738
0.10510683059692383
0.10506224632263184
0.10492300987243652
0.10528397560119629
0.10506343841552734
0.10498881340026855
0.1049489974975586
0.10495352745056152
0.10503363609313965
0.1049954891204834
0.10507702827453613
0.10495615005493164
0.10505056381225586
0.10505890846252441
0.10505843162536621
0.1050119400024414
0.10501646995544434
0.10501623153686523
0.10505032539367676
0.10498881340026855
0.10502386093139648
0.10500836372375488
0.10515618324279785
0.10507488250732422
0.10508203506469727
0.10492992401123047
0.10498642921447754
0.10498166084289551
0.10496020317077637
0.10498380661010742
0.10497164726257324
0.10509800910949707
0.10508465766906738
0.1050422191619873
0.10510706901550293
0.10495996475219727
0.10497832298278809
0.10502290725708008
0.10505008697509766
0.10502243041992188
0.10516548156738281
0.10504603385925293
0.10517382621765137
0.10501432418823242
0.10513496398925781
0.10506176948547363
0.10500025749206543
0.10499691963195801
0.10501432418823242
0.10499954223632812
0.10503315925598145
0.10504817962646484
0.10508155822753906
0.10509037971496582
0.10505509376525879
0.10500407218933105
0.10499310493469238
0.10499024391174316
0.10505533218383789
0.10504269599914551
0.10499048233032227
0.10495567321777344
0.10497307777404785
0.10507559776306152
0.10508155822753906
0.10509443283081055
0.10503268241882324
0.10499238967895508
0.10495185852050781
0.10501360893249512
0.10506868362426758
0.10506248474121094
0.10499119758605957
0.10492134094238281
0.10504984855651855
0.10497903823852539
0.10498452186584473
0.10505509376525879
0.10505962371826172
0.10503602027893066
0.10497903823852539
0.10495853424072266
0.10499906539916992
0.10495972633361816
0.10501599311828613
0.10500264167785645
0.10501575469970703
0.10499191284179688
0.10503125190734863
0.10500049591064453
0.10501766204833984
0.10503697395324707
0.10504317283630371
0.10494375228881836
0.10498881340026855
0.10501813888549805
0.10494875907897949
0.1050262451171875
0.10511994361877441
0.10504817962646484
0.1050410270690918
0.10501289367675781
0.10498690605163574
0.10501360893249512
0.10496258735656738
0.1051170825958252
0.10506963729858398
0.10551953315734863
0.1053469181060791
0.10538768768310547
0.10541296005249023
0.10532212257385254
0.10521697998046875
0.10527920722961426
0.10532760620117188
0.10541701316833496
0.10523843765258789
0.10525321960449219
0.10536623001098633
0.10531258583068848
0.10527849197387695
0.10534000396728516
0.10530257225036621
0.10529279708862305
0.10537338256835938
0.1051490306854248
0.10533618927001953
0.1053154468536377
0.10521960258483887
0.1053626537322998
0.10518932342529297
0.10538196563720703
0.10528039932250977
0.10531377792358398
0.10530734062194824
0.1053166389465332
0.1052713394165039
0.10529494285583496
0.10530328750610352
0.10531902313232422
0.10539388656616211
0.10535788536071777
0.10530543327331543
0.10538649559020996
0.1052250862121582
0.10526371002197266
0.10527944564819336
0.10536074638366699
0.10531091690063477
0.10518145561218262
0.10534906387329102
0.10531234741210938
0.10532808303833008
0.10525369644165039
0.1053626537322998
0.10522341728210449
0.10533928871154785
0.10540914535522461
0.1054069995880127
0.10529661178588867
0.10531282424926758
0.10521173477172852
0.10528302192687988
0.10531258583068848
0.10524559020996094
0.10527539253234863
0.10537219047546387
0.1052706241607666
0.10528087615966797
0.1052696704864502
0.10524940490722656
0.1052696704864502
0.1052088737487793
0.10533833503723145
0.10534548759460449
0.10530853271484375
0.10520720481872559
0.10533308982849121
0.1052706241607666
0.10534977912902832
0.10533952713012695
0.10533404350280762
0.1052250862121582
0.10526037216186523
0.10517644882202148
0.1052706241607666
0.10533690452575684
0.10538315773010254
0.10535860061645508
0.10523271560668945
0.10529398918151855
0.1052713394165039
0.10536575317382812
0.10521054267883301
0.10527873039245605
0.10530877113342285
0.10527539253234863
0.1053323745727539
0.1052711009979248
0.10530710220336914
0.10524654388427734
0.10530948638916016
0.10539984703063965
0.10528326034545898
0.1053919792175293
0.10526561737060547
0.10526299476623535
0.10522294044494629
0.10530924797058105
0.10535907745361328
0.10534334182739258
0.10524225234985352
0.1054389476776123
0.1053621768951416
0.10538935661315918
0.10534238815307617
0.10532832145690918
0.10536813735961914
0.10526490211486816
0.10543394088745117
0.10539984703063965
0.1052708625793457
0.10541868209838867
0.10528898239135742
0.10527729988098145
0.1052408218383789
0.10528087615966797
0.10531234741210938
0.10525369644165039
0.10532402992248535
0.1052703857421875
0.10527205467224121
0.10518288612365723
0.10518836975097656
0.10532498359680176
0.1052706241607666
0.10540628433227539
0.10515403747558594
0.10526299476623535
0.10531282424926758
0.10537457466125488
0.10536408424377441
0.10519981384277344
0.10525274276733398
0.10527396202087402
0.10529303550720215
0.10527563095092773
0.1053311824798584
0.10529422760009766
0.10544896125793457
0.10534548759460449
0.10532426834106445
0.1054236888885498
0.10534167289733887
0.10532855987548828
0.10528731346130371
0.10520267486572266
0.10530877113342285
0.10527157783508301
0.10517311096191406
0.10528182983398438
0.10526299476623535
0.1053168773651123
0.10526061058044434
0.10526371002197266
0.10530900955200195
0.1053156852722168
0.10527729988098145
0.10527229309082031
0.10522127151489258
0.10523271560668945
0.10531878471374512
0.10530757904052734
0.10537290573120117
0.10533547401428223
0.1051938533782959
0.10522222518920898
0.10530757904052734
0.10536050796508789
0.10523653030395508
0.10528945922851562
0.10541105270385742
0.10531091690063477
0.10519838333129883
0.10523152351379395
0.10523700714111328
0.10522294044494629
0.10527992248535156
0.10532593727111816
0.10530591011047363
0.10536384582519531
0.10525894165039062
0.10531401634216309
0.1052861213684082
0.10526013374328613
0.10519838333129883
0.1052243709564209
0.1052846908569336
0.10525250434875488
0.10534238815307617
0.1054227352142334
0.10530734062194824
0.10534882545471191
0.10541176795959473
0.10531926155090332
0.10536026954650879
0.10521459579467773
0.1053171157836914
0.10537505149841309
0.10544300079345703
0.10532164573669434
0.1052865982055664
0.10519957542419434
0.10534358024597168
0.1053769588470459
0.1052408218383789
0.10534405708312988
0.10667657852172852
0.11772346496582031
0.12692809104919434
0.12743163108825684
0.12638568878173828
0.12319779396057129
0.12032556533813477
0.11507534980773926
0.11280417442321777
0.1115717887878418
0.11098480224609375
0.11041450500488281
0.10861921310424805
0.10917806625366211
0.10622715950012207
0.10614657402038574
0.10656309127807617
0.10642194747924805
0.10576868057250977
0.10583138465881348
0.1055147647857666
0.10531163215637207
0.10528206825256348
0.1052696704864502
0.10535216331481934
0.10524868965148926
0.10522270202636719
0.10536313056945801
0.10535120964050293
0.10530924797058105
0.10531044006347656
0.10535478591918945
0.10531806945800781
0.1053764820098877
0.10533475875854492
0.1052389144897461
0.10521483421325684
0.10522627830505371
0.10526895523071289
0.10543155670166016
0.10537147521972656
0.10523104667663574
0.10529732704162598
0.10543608665466309
0.10522270202636719
0.10529184341430664
0.10531497001647949
0.10528230667114258
0.1053009033203125
0.10539746284484863
0.10532832145690918
0.10525178909301758
0.10529565811157227
0.10538554191589355
0.10527849197387695
0.10537958145141602
0.10544395446777344
0.10521936416625977
0.10564184188842773
0.10827946662902832
0.1103062629699707
0.1094808578491211
0.10852503776550293
0.10868954658508301
0.10826921463012695
0.10694718360900879
0.10679101943969727
0.10677218437194824
0.10577058792114258
0.10570502281188965
0.10533833503723145
0.10529398918151855
0.10527396202087402
0.10535693168640137
0.10539603233337402
0.10530638694763184
0.10532402992248535
0.10649871826171875
0.11307191848754883
0.11771583557128906
0.11724209785461426
0.11587023735046387
0.11469197273254395
0.11427021026611328
0.11167669296264648
0.1113896369934082
0.10889101028442383
0.10873842239379883
0.10836243629455566
0.10787510871887207
0.1074373722076416
0.10610842704772949
0.10633349418640137
0.1064751148223877
0.10654950141906738
0.10598063468933105
0.10547590255737305
0.10536932945251465
0.10537314414978027
0.10537195205688477
0.10532975196838379
0.10540127754211426
0.10539102554321289
0.10532999038696289
0.10529899597167969
0.10527753829956055
0.10529184341430664
0.10527849197387695
0.10531926155090332
0.10540318489074707
0.10538816452026367
0.1054985523223877
0.10537362098693848
0.10538911819458008
0.10535192489624023
0.10525035858154297
0.10535573959350586
0.10533642768859863
0.10531210899353027
0.1053471565246582
0.10531806945800781
0.10531163215637207
0.10532975196838379
0.10540986061096191
0.10533595085144043
0.10528874397277832
0.10537075996398926
0.10525679588317871
0.10536813735961914
0.10532569885253906
0.1053314208984375
0.10533738136291504
0.10530757904052734
0.10539388656616211
0.10530900955200195
0.10545873641967773
0.10538220405578613
0.10559535026550293
0.10751152038574219
0.10609984397888184
0.10545635223388672
0.10754013061523438
0.10740828514099121
0.10548520088195801
0.1056969165802002
0.10580301284790039
0.10539460182189941
0.10523676872253418
0.10530281066894531
0.10523724555969238
0.10528135299682617
0.10597014427185059
0.1054542064666748
0.10534071922302246
0.10539984703063965
0.10532164573669434
0.10542106628417969
0.10530710220336914
0.10540461540222168
0.1052865982055664
0.10538697242736816
0.1054537296295166
0.10537457466125488
0.10539102554321289
0.10545086860656738
0.10538744926452637
0.10614562034606934
0.10526156425476074
0.10525202751159668
0.10530304908752441
0.10526800155639648
0.10523104667663574
0.10527682304382324
0.10532641410827637
0.105377197265625
0.10534381866455078
0.10632610321044922
0.10566020011901855
0.1058645248413086
0.10676360130310059
0.10608053207397461
0.10677361488342285
0.1157522201538086
0.12187337875366211
0.12461519241333008
0.12027621269226074
0.11265206336975098
0.11203861236572266
0.1096036434173584
0.1095588207244873
0.10955214500427246
0.10971355438232422
0.10861945152282715
0.10699701309204102
0.10731053352355957
0.10708165168762207
0.10654926300048828
0.10649681091308594
0.10727691650390625
0.1195383071899414
0.1249089241027832
0.12602615356445312
0.12688398361206055
0.12682819366455078
0.12295818328857422
0.11925578117370605
0.11591124534606934
0.11382198333740234
0.11330270767211914
0.11292910575866699
0.11164236068725586
0.11068058013916016
0.10797309875488281
0.1069636344909668
0.10610270500183105
0.10602903366088867
0.10612225532531738
0.10591578483581543
0.10543394088745117
0.1053321361541748
0.10532116889953613
0.1052999496459961
0.10531139373779297
0.10537409782409668
0.1053001880645752
0.10565352439880371
0.108123779296875
0.1079857349395752
0.10838603973388672
0.10918784141540527
0.10952925682067871
0.10854077339172363
0.10857796669006348
0.10548114776611328
0.1057126522064209
0.10602331161499023
0.10599112510681152
0.10656547546386719
0.10636663436889648
0.1056356430053711
0.10536360740661621
0.10538005828857422
0.10537409782409668
0.10541653633117676
0.10545015335083008
0.1053159236907959
0.10527896881103516
0.10537862777709961
0.10651659965515137
0.11567854881286621
0.12057113647460938
0.1219487190246582
0.11800074577331543
0.1125335693359375
0.11060214042663574
0.10984206199645996
0.11042976379394531
0.11054110527038574
0.10966253280639648
0.10929274559020996
0.10737848281860352
0.10718989372253418
0.10718917846679688
0.10690450668334961
0.10668706893920898
0.10598444938659668
0.10559678077697754
0.1053767204284668
0.10536742210388184
0.10541725158691406
0.10530471801757812
0.10536360740661621
0.10538291931152344
0.1053314208984375
0.10531926155090332
0.10529017448425293
0.1054377555847168
0.10537862777709961
0.10532259941101074
0.10537075996398926
0.1053767204284668
0.10530233383178711
0.10540103912353516
