0.009401559829711914
0.008360862731933594
0.008149147033691406
0.005926609039306641
0.006057024002075195
0.006247043609619141
0.0063550472259521484
0.006574392318725586
0.007010936737060547
0.006936311721801758
0.006848335266113281
0.006887912750244141
0.0068476200103759766
0.007463693618774414
0.006819009780883789
0.006836652755737305
0.007033586502075195
0.007275104522705078
0.0069005489349365234
0.007062435150146484
0.006843090057373047
0.006875514984130859
0.0069065093994140625
0.006984233856201172
0.006884574890136719
0.007050991058349609
0.007073163986206055
0.006795406341552734
0.007494211196899414
0.006891965866088867
0.007384538650512695
0.0070705413818359375
0.006932497024536133
0.0069811344146728516
0.006872415542602539
0.006964445114135742
0.006928443908691406
0.006901741027832031
0.007782459259033203
0.006800413131713867
0.006799221038818359
0.007442474365234375
0.007073163986206055
0.006906032562255859
0.006972312927246094
0.006992340087890625
0.006875038146972656
0.006887912750244141
0.006936550140380859
0.0068471431732177734
0.0068035125732421875
0.0069179534912109375
0.006888389587402344
0.0069162845611572266
0.006747007369995117
0.0068585872650146484
0.006841897964477539
0.006867170333862305
0.006876945495605469
0.006852149963378906
0.006869316101074219
0.0069732666015625
0.0068781375885009766
0.006921529769897461
0.006865739822387695
0.006928682327270508
0.0068509578704833984
0.0068759918212890625
0.0068264007568359375
0.006927490234375
0.006822347640991211
0.006902933120727539
0.0068209171295166016
0.006920337677001953
0.0067653656005859375
0.006957530975341797
0.006811618804931641
0.006874561309814453
0.010871171951293945
0.011161327362060547
0.00687718391418457
0.007023334503173828
0.007601022720336914
0.007578849792480469
0.006822109222412109
0.00693511962890625
0.0075931549072265625
0.0069217681884765625
0.00673675537109375
0.006947994232177734
0.007375955581665039
0.0071604251861572266
0.006874561309814453
0.006968259811401367
0.0069849491119384766
0.006890058517456055
0.006890058517456055
0.007100820541381836
0.0068476200103759766
0.007659196853637695
0.006855487823486328
0.00764012336730957
0.008011341094970703
0.007079124450683594
0.007090091705322266
0.007037639617919922
0.007042407989501953
0.0070536136627197266
0.0070667266845703125
0.007042646408081055
0.007055521011352539
0.007065296173095703
0.00704646110534668
0.007053852081298828
0.007037639617919922
0.011044025421142578
0.009894609451293945
0.008592844009399414
0.008489608764648438
0.008559226989746094
0.008488178253173828
0.008522272109985352
0.008450508117675781
0.008443355560302734
0.008469343185424805
0.008554220199584961
0.008571147918701172
0.008480310440063477
0.008411884307861328
0.00843048095703125
0.008493900299072266
0.008658170700073242
0.008437871932983398
0.008419275283813477
0.008455514907836914
0.008412361145019531
0.00836801528930664
0.008541345596313477
0.008557319641113281
0.008358955383300781
0.008423566818237305
0.00851583480834961
0.008362293243408203
0.008388996124267578
0.008485794067382812
0.008438348770141602
0.008421897888183594
0.00831151008605957
0.00834512710571289
0.008202791213989258
0.008269071578979492
0.012067556381225586
0.008486509323120117
0.008498907089233398
0.010164737701416016
0.0068738460540771484
0.006848573684692383
0.008430957794189453
0.008583307266235352
0.00846242904663086
0.00834202766418457
0.008464336395263672
0.008336305618286133
0.008453130722045898
0.008363723754882812
0.008420705795288086
0.00836038589477539
0.008536338806152344
0.008852720260620117
0.008440017700195312
0.008563041687011719
0.008415699005126953
0.008453607559204102
0.00844883918762207
0.008424758911132812
0.008560419082641602
0.008448600769042969
0.00835728645324707
0.008529901504516602
0.008349895477294922
0.008423328399658203
0.008501052856445312
0.008347034454345703
0.008410930633544922
0.00846242904663086
0.008338212966918945
0.008491039276123047
0.00839853286743164
0.008317232131958008
0.00855875015258789
0.008339881896972656
0.00838327407836914
0.008470773696899414
0.008358001708984375
0.008374691009521484
0.008484840393066406
0.008363962173461914
0.008365631103515625
0.008392333984375
0.008487224578857422
0.008460521697998047
0.008414983749389648
0.008324146270751953
0.008450746536254883
0.008340597152709961
0.007567882537841797
0.0076177120208740234
0.0075931549072265625
0.007594108581542969
0.006875038146972656
0.00692296028137207
0.0069653987884521484
0.006917476654052734
0.006855010986328125
0.006979703903198242
0.0069522857666015625
0.006944179534912109
0.006941318511962891
0.006812334060668945
0.006988525390625
0.006849527359008789
0.0070612430572509766
0.007132053375244141
0.00726008415222168
0.007124185562133789
0.007211923599243164
0.007602691650390625
0.0068624019622802734
0.007241725921630859
0.0067026615142822266
0.007642984390258789
0.007546663284301758
0.007561922073364258
0.0075531005859375
0.006892681121826172
0.007020235061645508
0.006799936294555664
0.007040500640869141
0.0068743228912353516
0.006882667541503906
0.006867885589599609
0.0069544315338134766
0.006864786148071289
0.0069866180419921875
0.00678563117980957
0.007013559341430664
0.0068013668060302734
0.006987810134887695
0.006831169128417969
0.006995439529418945
0.006830453872680664
0.006808757781982422
0.006892204284667969
0.006898164749145508
0.007003307342529297
0.006826877593994141
0.006839752197265625
0.006974458694458008
0.006873369216918945
0.006970882415771484
0.006879091262817383
0.007022857666015625
0.006878852844238281
0.009507894515991211
0.007005929946899414
0.007108926773071289
0.01093912124633789
0.008460283279418945
0.008358001708984375
0.008401632308959961
0.009176015853881836
0.008568048477172852
0.008444547653198242
0.008454084396362305
0.008431196212768555
0.008881568908691406
0.008384466171264648
0.008356094360351562
0.008398294448852539
0.008382797241210938
0.008404731750488281
0.008440971374511719
0.008399724960327148
0.008366107940673828
0.00838613510131836
0.008393287658691406
0.008335351943969727
0.008400678634643555
0.00899648666381836
0.00863957405090332
0.008405685424804688
0.008418798446655273
0.008354663848876953
0.008469104766845703
0.008485078811645508
0.008450746536254883
0.00851297378540039
0.00838613510131836
0.008344173431396484
0.008405208587646484
0.008351564407348633
0.008371353149414062
0.008419036865234375
0.008376598358154297
0.008389711380004883
0.00836491584777832
0.00836634635925293
0.008358955383300781
0.008415937423706055
0.008447408676147461
0.008344888687133789
0.008336782455444336
0.008362293243408203
0.008420944213867188
0.008438825607299805
0.008458852767944336
0.008454561233520508
0.00849151611328125
0.00844883918762207
0.008347034454345703
0.008358478546142578
0.011678457260131836
0.007876396179199219
0.007656574249267578
0.0075914859771728516
0.007554531097412109
0.007555246353149414
0.006792306900024414
0.006786823272705078
0.0071985721588134766
0.009284734725952148
0.009308815002441406
0.00990748405456543
0.008667230606079102
0.008514881134033203
0.008520364761352539
0.00889730453491211
0.008361101150512695
0.008576393127441406
0.0075702667236328125
0.008600473403930664
0.0107421875
0.009981155395507812
0.007079362869262695
0.007012605667114258
0.007082462310791016
0.007097005844116211
0.007070779800415039
0.0070722103118896484
0.007103443145751953
0.007100105285644531
0.007073163986206055
0.007132530212402344
0.007292509078979492
0.007219076156616211
0.007165193557739258
0.007277488708496094
0.00710606575012207
0.00707244873046875
0.007048606872558594
0.007075071334838867
0.007050752639770508
0.00703120231628418
0.007109642028808594
0.007073163986206055
0.007075786590576172
0.0071125030517578125
0.0070497989654541016
0.007048845291137695
0.00705265998840332
0.0070648193359375
0.0070836544036865234
0.0070438385009765625
0.007063865661621094
0.007058620452880859
0.00706028938293457
0.0070307254791259766
0.007083892822265625
0.007048368453979492
0.009994983673095703
0.010021209716796875
0.009857654571533203
0.0071027278900146484
0.007036447525024414
0.00705265998840332
0.007620573043823242
0.0070230960845947266
0.007093906402587891
0.007685661315917969
0.0070514678955078125
0.007609367370605469
0.007168769836425781
0.007071018218994141
0.007261991500854492
0.007044792175292969
0.0070056915283203125
0.007648468017578125
0.007035493850708008
0.007759571075439453
0.00717926025390625
0.007045269012451172
0.007598876953125
0.006967782974243164
0.007387399673461914
0.006941080093383789
0.00701141357421875
0.006906747817993164
0.007026195526123047
0.00679469108581543
0.007017374038696289
0.006773710250854492
0.00728154182434082
0.006827592849731445
0.006812095642089844
0.007031917572021484
0.0068471431732177734
0.006852865219116211
0.007018089294433594
0.006906986236572266
0.006901264190673828
0.006786346435546875
0.006818294525146484
0.00693821907043457
0.006844758987426758
0.0068552494049072266
0.007027149200439453
0.006960391998291016
0.006859779357910156
0.006840705871582031
0.0069580078125
0.006882429122924805
0.0069484710693359375
0.006879568099975586
0.007686614990234375
0.006865739822387695
0.007580280303955078
0.006913661956787109
0.006910562515258789
0.0071887969970703125
0.006958723068237305
0.006882190704345703
0.007029056549072266
0.0068817138671875
0.0069065093994140625
0.006922245025634766
0.006906747817993164
0.006987571716308594
0.0070917606353759766
0.006927013397216797
0.006892204284667969
0.006994724273681641
0.0069086551666259766
0.006941318511962891
0.007112264633178711
0.006789207458496094
0.006894111633300781
0.009312629699707031
0.009319067001342773
0.00863957405090332
0.008399248123168945
0.008520364761352539
0.008448600769042969
0.00849461555480957
0.008362770080566406
0.008453369140625
0.008482217788696289
0.008149862289428711
0.007613658905029297
0.007984638214111328
0.007029294967651367
0.007289886474609375
0.007208585739135742
0.007599592208862305
0.007065773010253906
0.007302522659301758
0.007039546966552734
0.00702667236328125
0.007027149200439453
0.007021427154541016
0.007021665573120117
0.0070226192474365234
0.007592916488647461
0.0070133209228515625
0.0070438385009765625
0.007582426071166992
0.008488893508911133
0.007022857666015625
0.006982564926147461
0.007547140121459961
0.00702214241027832
0.00705265998840332
0.007303953170776367
0.007612466812133789
0.010932445526123047
0.0072672367095947266
0.007155895233154297
0.007737636566162109
0.007094860076904297
0.007907867431640625
0.007304191589355469
0.007427692413330078
0.007024526596069336
0.008185625076293945
0.007036447525024414
0.007580757141113281
0.007032155990600586
0.007025718688964844
0.007207632064819336
0.0071392059326171875
0.0070247650146484375
0.007619142532348633
0.0070018768310546875
0.007502317428588867
0.007033586502075195
0.0072841644287109375
0.007115840911865234
0.006988048553466797
0.007558345794677734
0.007005929946899414
0.007178783416748047
0.006993770599365234
0.0070285797119140625
0.007349491119384766
0.007027387619018555
0.007573366165161133
0.007003068923950195
0.007569074630737305
0.007001161575317383
0.0075070858001708984
0.007005214691162109
0.0070188045501708984
0.007453441619873047
0.009993791580200195
0.007081747055053711
0.007480621337890625
0.007017612457275391
0.00707244873046875
0.007241964340209961
0.00702357292175293
0.007589817047119141
0.006989002227783203
0.007595062255859375
0.007047414779663086
0.007635593414306641
0.0070552825927734375
0.007584333419799805
0.007085084915161133
0.007519960403442383
0.00711512565612793
0.007167816162109375
0.007124662399291992
0.007169008255004883
0.007306814193725586
0.007050514221191406
0.007557868957519531
0.0077075958251953125
0.007300138473510742
0.00767207145690918
0.007025241851806641
0.007377147674560547
0.007544040679931641
0.00705265998840332
0.0070307254791259766
0.007031440734863281
0.007034778594970703
0.0070569515228271484
0.007054567337036133
0.007025957107543945
0.006987571716308594
0.007040262222290039
0.00699162483215332
0.007023334503173828
0.00701451301574707
0.007123470306396484
0.007001638412475586
0.007033824920654297
0.00702357292175293
0.007010936737060547
0.007063150405883789
0.007028818130493164
0.007021903991699219
0.007035255432128906
0.007021665573120117
0.007066249847412109
0.0070230960845947266
0.007024526596069336
0.006984233856201172
0.00700688362121582
0.006996631622314453
0.0070421695709228516
0.007046222686767578
0.007021427154541016
0.00699615478515625
0.0071239471435546875
0.006995201110839844
0.007013082504272461
0.007020235061645508
0.0070264339447021484
0.0070018768310546875
0.00707554817199707
0.007020473480224609
0.007143497467041016
0.0076198577880859375
0.007138967514038086
0.007176399230957031
0.007037162780761719
0.007559061050415039
0.007018089294433594
0.0076618194580078125
0.007188320159912109
0.00756072998046875
0.0070269107818603516
0.00832676887512207
0.0070493221282958984
0.007475137710571289
0.007025718688964844
0.0074841976165771484
0.007024288177490234
0.0074923038482666016
0.006991863250732422
0.007887601852416992
0.0070226192474365234
0.00756525993347168
0.0070037841796875
0.007337331771850586
0.00700831413269043
0.007554292678833008
0.007012367248535156
0.007577657699584961
0.007019996643066406
0.007540702819824219
0.00700068473815918
0.007016658782958984
0.0070955753326416016
0.006979703903198242
0.0075016021728515625
0.0070416927337646484
0.007025957107543945
0.007592439651489258
0.007031440734863281
0.0070035457611083984
0.00726008415222168
0.007005453109741211
0.007539033889770508
0.0070226192474365234
0.007004976272583008
0.007592439651489258
0.007001399993896484
0.006999969482421875
0.0071179866790771484
0.007023334503173828
0.00754094123840332
0.007009983062744141
0.007035970687866211
0.007565975189208984
0.007000923156738281
0.006995439529418945
0.007090330123901367
0.0070078372955322266
0.0074961185455322266
0.0070209503173828125
0.007004976272583008
0.00757598876953125
0.007205963134765625
0.007579803466796875
0.007147312164306641
0.007010698318481445
0.007529735565185547
0.007017612457275391
0.0070154666900634766
0.0070531368255615234
0.007213592529296875
0.00701451301574707
0.007544517517089844
0.0070247650146484375
0.006990909576416016
0.007742166519165039
0.0070192813873291016
0.0070188045501708984
0.0075740814208984375
0.0070095062255859375
0.00703120231628418
0.007544755935668945
0.007007598876953125
0.007524013519287109
0.007120370864868164
0.007004499435424805
0.0075664520263671875
0.007163524627685547
0.010334491729736328
0.009971857070922852
0.007102012634277344
0.007540702819824219
0.007043600082397461
0.007014036178588867
0.007161140441894531
0.0070345401763916016
0.00739288330078125
0.007025480270385742
0.0075871944427490234
0.007001161575317383
0.007230281829833984
0.007042407989501953
0.007014036178588867
0.007550477981567383
0.007046699523925781
0.007061004638671875
0.007030487060546875
0.00702977180480957
0.007512807846069336
0.0070116519927978516
0.007368326187133789
0.0071218013763427734
0.007048368453979492
0.007022857666015625
0.0074880123138427734
0.00701594352722168
0.009659290313720703
0.0072329044342041016
0.0075380802154541016
0.007061481475830078
0.008556842803955078
0.0070285797119140625
0.007593631744384766
0.008563995361328125
0.008516311645507812
0.008661746978759766
0.009900331497192383
0.00863504409790039
0.008673429489135742
0.008689403533935547
0.008665323257446289
0.00864410400390625
0.008662700653076172
0.008652925491333008
0.008643627166748047
0.008643627166748047
0.008660316467285156
0.008646011352539062
0.008700132369995117
0.008646726608276367
0.008664131164550781
0.008641719818115234
0.008658170700073242
0.008653640747070312
0.00865793228149414
0.00974726676940918
0.007124423980712891
0.010085344314575195
0.0069217681884765625
0.006771564483642578
0.007729768753051758
0.006871938705444336
0.006956815719604492
0.006882429122924805
0.00686335563659668
0.006933927536010742
0.006935596466064453
0.006875038146972656
0.006898641586303711
0.006939888000488281
0.006911277770996094
0.0068852901458740234
0.006920814514160156
0.007018089294433594
0.0068590641021728516
0.0069692134857177734
0.006982326507568359
0.00701594352722168
0.007046222686767578
0.007012844085693359
0.0078084468841552734
0.007040262222290039
0.007021665573120117
0.007770061492919922
0.00862264633178711
0.008662939071655273
0.009173154830932617
0.00867915153503418
0.00867462158203125
0.010478496551513672
0.009898662567138672
0.009985923767089844
0.009948253631591797
0.007009983062744141
0.008698225021362305
0.008648872375488281
0.008645772933959961
0.008616447448730469
0.009905338287353516
0.009817361831665039
0.009990930557250977
0.009873390197753906
0.006884336471557617
0.0067560672760009766
0.006885051727294922
0.006973743438720703
0.007033348083496094
0.007014274597167969
0.007021188735961914
0.007021427154541016
0.007019758224487305
0.0069866180419921875
0.007019996643066406
0.006997346878051758
0.007039546966552734
0.007008552551269531
0.0070149898529052734
0.007004261016845703
0.006995201110839844
0.006997585296630859
0.009989738464355469
0.009915590286254883
0.009916305541992188
0.00706028938293457
0.00981450080871582
0.008630514144897461
0.008545398712158203
0.008432626724243164
0.008922338485717773
0.008543014526367188
0.00850677490234375
0.008458852767944336
0.008446216583251953
0.008533954620361328
0.008505105972290039
0.008417606353759766
0.008585214614868164
0.008363008499145508
0.008382081985473633
0.008473634719848633
0.008610963821411133
0.008710622787475586
0.008750200271606445
0.007635593414306641
0.007013797760009766
0.00693964958190918
0.01041412353515625
0.008771657943725586
0.008734703063964844
0.00863957405090332
0.008659601211547852
0.008647680282592773
0.008645057678222656
0.008641242980957031
0.010016679763793945
0.010579109191894531
0.008629083633422852
0.008623361587524414
0.008579015731811523
0.00857400894165039
0.008571147918701172
0.00857686996459961
0.008596420288085938
0.008564949035644531
0.008596181869506836
0.008600234985351562
0.008597373962402344
0.008568763732910156
0.008611440658569336
0.008600234985351562
0.008627653121948242
0.00858759880065918
0.008584737777709961
0.008564949035644531
0.008587121963500977
0.00861811637878418
0.008656978607177734
0.010025739669799805
0.010288715362548828
0.011707544326782227
0.008548736572265625
0.00855398178100586
0.008575439453125
0.008577346801757812
0.010142803192138672
0.00686335563659668
0.00897359848022461
0.00866842269897461
0.008652210235595703
0.009769678115844727
0.008680343627929688
0.008622407913208008
0.008631467819213867
0.008613348007202148
0.008610725402832031
0.008579730987548828
0.008588790893554688
0.008580446243286133
0.008569002151489258
0.008563518524169922
0.008577108383178711
0.008572816848754883
0.008615255355834961
0.008543968200683594
0.009872913360595703
0.007442474365234375
0.00682377815246582
0.006941795349121094
0.006864786148071289
0.0068590641021728516
0.010777950286865234
0.008502483367919922
0.008550643920898438
0.009296655654907227
0.009361743927001953
0.009295940399169922
0.008527755737304688
0.008565902709960938
0.008492231369018555
0.008652925491333008
0.008605480194091797
0.008655786514282227
0.009802818298339844
0.00982522964477539
0.009967327117919922
0.00930333137512207
0.010117530822753906
0.00837850570678711
0.008641242980957031
0.008633852005004883
0.009815692901611328
0.006894588470458984
0.006865024566650391
0.006742954254150391
0.006832122802734375
0.006830453872680664
0.009038209915161133
0.009942054748535156
0.009390592575073242
0.009262561798095703
0.008460283279418945
0.006906032562255859
0.009952783584594727
0.008254051208496094
0.008480310440063477
0.008386850357055664
0.008605241775512695
0.008705377578735352
0.012083768844604492
0.008407831192016602
0.010002374649047852
0.008621692657470703
0.012802600860595703
0.008606910705566406
0.008599042892456055
0.010653972625732422
0.00875091552734375
0.009842395782470703
0.010988712310791016
0.008604288101196289
0.00859832763671875
0.008627176284790039
0.009244918823242188
0.008616924285888672
0.008596658706665039
0.009912729263305664
0.01001286506652832
0.010289430618286133
0.009596824645996094
0.015316486358642578
0.00860452651977539
0.008655786514282227
0.009784698486328125
0.00861811637878418
0.009990453720092773
0.00998830795288086
0.00998544692993164
0.008641242980957031
0.00860595703125
0.009943962097167969
0.010059595108032227
0.008627653121948242
0.008805036544799805
0.008406639099121094
0.008645057678222656
0.008650064468383789
0.008663415908813477
0.008667230606079102
0.01011967658996582
0.010022163391113281
0.008644580841064453
0.008760690689086914
0.008693456649780273
0.008711576461791992
0.008645057678222656
0.01011347770690918
0.010022163391113281
0.009957313537597656
0.00993657112121582
0.009865522384643555
0.008637428283691406
0.008671760559082031
0.008646249771118164
0.0118560791015625
0.009960651397705078
0.009952545166015625
0.009882211685180664
0.008488178253173828
0.010098695755004883
