0.0004761219024658203
0.00045037269592285156
0.000560760498046875
0.0003666877746582031
0.00036525726318359375
0.0003848075866699219
0.0003733634948730469
0.00037789344787597656
0.00037670135498046875
0.00038623809814453125
0.00037670135498046875
0.0004143714904785156
0.0003905296325683594
0.0004150867462158203
0.00038313865661621094
0.00037980079650878906
0.00038051605224609375
0.0003833770751953125
0.0003795623779296875
0.0003826618194580078
0.00039458274841308594
0.0003802776336669922
0.00038433074951171875
0.000385284423828125
0.0003991127014160156
0.0003864765167236328
0.0003917217254638672
0.0003848075866699219
0.00043702125549316406
0.00037932395935058594
0.00049591064453125
0.0003802776336669922
0.00038123130798339844
0.0003917217254638672
0.00039839744567871094
0.00039005279541015625
0.0003802776336669922
0.00038552284240722656
0.0005822181701660156
0.000400543212890625
0.0003795623779296875
0.000514984130859375
0.00038695335388183594
0.0003979206085205078
0.00040221214294433594
0.00039005279541015625
0.0003864765167236328
0.0003819465637207031
0.00037980079650878906
0.0003821849822998047
0.00039958953857421875
0.0003829002380371094
0.0003821849822998047
0.0003821849822998047
0.00038051605224609375
0.0003814697265625
0.0003809928894042969
0.0003864765167236328
0.0003809928894042969
0.00038504600524902344
0.0003814697265625
0.0003819465637207031
0.00038242340087890625
0.0003857612609863281
0.0003807544708251953
0.0003867149353027344
0.00037980079650878906
0.00037932395935058594
0.00038051605224609375
0.0003814697265625
0.0003790855407714844
0.00038170814514160156
0.0003895759582519531
0.0003819465637207031
0.0003819465637207031
0.0003814697265625
0.0003814697265625
0.0003814697265625
0.0003814697265625
0.0006282329559326172
0.0003826618194580078
0.0003859996795654297
0.00040221214294433594
0.00040149688720703125
0.0003838539123535156
0.0003936290740966797
0.00042366981506347656
0.0003848075866699219
0.00038504600524902344
0.00038695335388183594
0.0003974437713623047
0.00038814544677734375
0.0004074573516845703
0.0003857612609863281
0.000385284423828125
0.0003910064697265625
0.00039005279541015625
0.0003833770751953125
0.00038361549377441406
0.000476837158203125
0.0003879070281982422
0.0004012584686279297
0.0004246234893798828
0.0003902912139892578
0.00039005279541015625
0.0003883838653564453
0.00038623809814453125
0.00038814544677734375
0.00038743019104003906
0.00038886070251464844
0.0003871917724609375
0.0003883838653564453
0.0003871917724609375
0.00038886070251464844
0.0003905296325683594
0.0003895759582519531
0.0005195140838623047
0.00042176246643066406
0.0004527568817138672
0.0004189014434814453
0.0004220008850097656
0.0004191398620605469
0.00041604042053222656
0.0004239082336425781
0.00043463706970214844
0.0004191398620605469
0.0004215240478515625
0.00041556358337402344
0.0004191398620605469
0.000446319580078125
0.00041937828063964844
0.0004315376281738281
0.0004184246063232422
0.0004279613494873047
0.0004210472106933594
0.0004189014434814453
0.0004203319549560547
0.00041961669921875
0.0004172325134277344
0.00041937828063964844
0.0004410743713378906
0.0004343986511230469
0.0004189014434814453
0.0004317760467529297
0.00044846534729003906
0.0004169940948486328
0.00041937828063964844
0.00042748451232910156
0.00040459632873535156
0.00040531158447265625
0.000415802001953125
0.0005590915679931641
0.0004191398620605469
0.0004305839538574219
0.00042939186096191406
0.000415802001953125
0.0003848075866699219
0.0004220008850097656
0.0005819797515869141
0.0004165172576904297
0.0004184246063232422
0.0004200935363769531
0.0004177093505859375
0.00041866302490234375
0.00041961669921875
0.0004191398620605469
0.00044727325439453125
0.00043463706970214844
0.0004405975341796875
0.0004317760467529297
0.0004189014434814453
0.0004172325134277344
0.00041747093200683594
0.00041747093200683594
0.0004372596740722656
0.0004210472106933594
0.00041556358337402344
0.00042366981506347656
0.00041675567626953125
0.0004165172576904297
0.00043082237243652344
0.0004184246063232422
0.0004165172576904297
0.00043487548828125
0.0004191398620605469
0.0004200935363769531
0.0004379749298095703
0.0004189014434814453
0.0004191398620605469
0.00041937828063964844
0.00041937828063964844
0.00043129920959472656
0.0004169940948486328
0.0004208087921142578
0.00043272972106933594
0.00041866302490234375
0.00041675567626953125
0.0004165172576904297
0.00043010711669921875
0.00041794776916503906
0.0004181861877441406
0.0004162788391113281
0.0004181861877441406
0.0004544258117675781
0.0004169940948486328
0.0004036426544189453
0.000396728515625
0.00040459632873535156
0.00040221214294433594
0.00038552284240722656
0.00038743019104003906
0.0004088878631591797
0.0003857612609863281
0.0003955364227294922
0.0003876686096191406
0.0003845691680908203
0.00038313865661621094
0.0003883838653564453
0.00038242340087890625
0.0003845691680908203
0.00038552284240722656
0.0003895759582519531
0.00040411949157714844
0.00040340423583984375
0.0003955364227294922
0.0003955364227294922
0.0005996227264404297
0.0003819465637207031
0.0004894733428955078
0.0003848075866699219
0.0004048347473144531
0.0004010200500488281
0.0004031658172607422
0.0004017353057861328
0.000392913818359375
0.00038743019104003906
0.00038743019104003906
0.0003879070281982422
0.0003864765167236328
0.0003871917724609375
0.0003871917724609375
0.0003867149353027344
0.0003864765167236328
0.0003871917724609375
0.0003864765167236328
0.0003867149353027344
0.0003879070281982422
0.0003879070281982422
0.00038623809814453125
0.0003859996795654297
0.000385284423828125
0.0003895759582519531
0.00038695335388183594
0.00038814544677734375
0.00038695335388183594
0.0003883838653564453
0.00040459632873535156
0.0003864765167236328
0.0003859996795654297
0.0003857612609863281
0.0003864765167236328
0.00038552284240722656
0.00038623809814453125
0.0004928112030029297
0.00038933753967285156
0.0003902912139892578
0.0003895759582519531
0.0004134178161621094
0.0004208087921142578
0.00042128562927246094
0.0004169940948486328
0.00043702125549316406
0.00041866302490234375
0.00042939186096191406
0.00043010711669921875
0.0004324913024902344
0.0004172325134277344
0.0004169940948486328
0.0004165172576904297
0.00041937828063964844
0.0004367828369140625
0.00041937828063964844
0.00041675567626953125
0.00041794776916503906
0.0004184246063232422
0.0004184246063232422
0.00042724609375
0.00041604042053222656
0.00047016143798828125
0.0004336833953857422
0.0004162788391113281
0.0004177093505859375
0.0004165172576904297
0.00041937828063964844
0.00041604042053222656
0.00044226646423339844
0.00041794776916503906
0.00041985511779785156
0.00042629241943359375
0.00041985511779785156
0.00041747093200683594
0.0004169940948486328
0.0004181861877441406
0.0004172325134277344
0.0004494190216064453
0.00041794776916503906
0.0004177093505859375
0.00041866302490234375
0.00041604042053222656
0.00041675567626953125
0.00041985511779785156
0.0004191398620605469
0.00041675567626953125
0.0004181861877441406
0.0004172325134277344
0.0004181861877441406
0.00044345855712890625
0.0004169940948486328
0.00041747093200683594
0.0004189014434814453
0.0004181861877441406
0.0005905628204345703
0.0004153251647949219
0.00040221214294433594
0.000400543212890625
0.00040531158447265625
0.00040030479431152344
0.00038623809814453125
0.000385284423828125
0.00041031837463378906
0.0004673004150390625
0.0006482601165771484
0.00047135353088378906
0.0004184246063232422
0.0004208087921142578
0.0005750656127929688
0.0004229545593261719
0.0004239082336425781
0.0005772113800048828
0.00040078163146972656
0.0004324913024902344
0.00043511390686035156
0.0005424022674560547
0.00039005279541015625
0.0003905296325683594
0.0003921985626220703
0.00039267539978027344
0.0004048347473144531
0.00039315223693847656
0.0003933906555175781
0.0003921985626220703
0.0003924369812011719
0.0003933906555175781
0.00041556358337402344
0.00039267539978027344
0.0004048347473144531
0.00040459632873535156
0.00039315223693847656
0.0003924369812011719
0.0003933906555175781
0.0003948211669921875
0.00039005279541015625
0.00039196014404296875
0.0003936290740966797
0.0003917217254638672
0.0003910064697265625
0.0003924369812011719
0.00039196014404296875
0.0003941059112548828
0.00039267539978027344
0.00039315223693847656
0.0003960132598876953
0.0003902912139892578
0.0003921985626220703
0.0003941059112548828
0.0003914833068847656
0.0003933906555175781
0.0003952980041503906
0.0003921985626220703
0.0003917217254638672
0.0005266666412353516
0.0005300045013427734
0.0004000663757324219
0.0003924369812011719
0.00039577484130859375
0.00039267539978027344
0.000392913818359375
0.0005238056182861328
0.0003936290740966797
0.00039315223693847656
0.0003943443298339844
0.0004036426544189453
0.0003924369812011719
0.000392913818359375
0.0003960132598876953
0.00039315223693847656
0.0003941059112548828
0.00039577484130859375
0.00039386749267578125
0.0003986358642578125
0.0003876686096191406
0.000583648681640625
0.0003952980041503906
0.0005202293395996094
0.00039315223693847656
0.0004100799560546875
0.000396728515625
0.00040221214294433594
0.00039005279541015625
0.0003898143768310547
0.00038909912109375
0.00039768218994140625
0.0003898143768310547
0.00038909912109375
0.0003921985626220703
0.00038814544677734375
0.0003886222839355469
0.00038909912109375
0.0003998279571533203
0.0003917217254638672
0.0003883838653564453
0.0003902912139892578
0.0004711151123046875
0.0003879070281982422
0.00038814544677734375
0.00039315223693847656
0.00038933753967285156
0.0003886222839355469
0.00039267539978027344
0.00038814544677734375
0.00038909912109375
0.0004010200500488281
0.00038933753967285156
0.0005893707275390625
0.00039005279541015625
0.00048613548278808594
0.0003886222839355469
0.0003910064697265625
0.0004119873046875
0.0004143714904785156
0.0003883838653564453
0.000518798828125
0.00038933753967285156
0.00039267539978027344
0.00038909912109375
0.00038886070251464844
0.0003902912139892578
0.0003879070281982422
0.00040030479431152344
0.0003871917724609375
0.0003924369812011719
0.0003886222839355469
0.0003876686096191406
0.0003952980041503906
0.00038909912109375
0.00038814544677734375
0.0004677772521972656
0.0004901885986328125
0.0004374980926513672
0.00045228004455566406
0.0004591941833496094
0.00042057037353515625
0.00044846534729003906
0.00042629241943359375
0.0004534721374511719
0.00046825408935546875
0.0005404949188232422
0.0003948211669921875
0.0005183219909667969
0.0003914833068847656
0.0003960132598876953
0.0004131793975830078
0.0003936290740966797
0.0003955364227294922
0.0005235671997070312
0.000392913818359375
0.0004286766052246094
0.0003960132598876953
0.0003914833068847656
0.0003936290740966797
0.0003936290740966797
0.0003943443298339844
0.0003936290740966797
0.000392913818359375
0.0003933906555175781
0.0003943443298339844
0.00039267539978027344
0.0003936290740966797
0.00039458274841308594
0.0003905296325683594
0.0003943443298339844
0.0005097389221191406
0.0003960132598876953
0.0004057884216308594
0.0004127025604248047
0.00040078163146972656
0.00039768218994140625
0.0003898143768310547
0.0007863044738769531
0.00039386749267578125
0.0005002021789550781
0.00039315223693847656
0.0005121231079101562
0.00039458274841308594
0.00039124488830566406
0.00039458274841308594
0.00039267539978027344
0.0005252361297607422
0.0003948211669921875
0.0004062652587890625
0.00039386749267578125
0.0003962516784667969
0.0003941059112548828
0.0004038810729980469
0.0003924369812011719
0.0005104541778564453
0.0003921985626220703
0.0003952980041503906
0.00039386749267578125
0.0003948211669921875
0.00039505958557128906
0.0003936290740966797
0.0005130767822265625
0.0003943443298339844
0.0003943443298339844
0.0003933906555175781
0.0003936290740966797
0.0003943443298339844
0.00039505958557128906
0.0003933906555175781
0.0003914833068847656
0.0004553794860839844
0.00039267539978027344
0.00039649009704589844
0.000392913818359375
0.0004601478576660156
0.0003941059112548828
0.0005197525024414062
0.00039768218994140625
0.00039505958557128906
0.0003948211669921875
0.0003972053527832031
0.00039696693420410156
0.00039505958557128906
0.000396728515625
0.00039315223693847656
0.00039577484130859375
0.0004525184631347656
0.00039505958557128906
0.00039577484130859375
0.000392913818359375
0.0003993511199951172
0.00039649009704589844
0.0003941059112548828
0.00039649009704589844
0.00042748451232910156
0.0004036426544189453
0.0003948211669921875
0.0003955364227294922
0.0003993511199951172
0.000392913818359375
0.0003955364227294922
0.0003924369812011719
0.00039649009704589844
0.000392913818359375
0.00039649009704589844
0.00039458274841308594
0.0004050731658935547
0.0003952980041503906
0.0004265308380126953
0.0003941059112548828
0.0003972053527832031
0.00039315223693847656
0.0005085468292236328
0.0003936290740966797
0.0005066394805908203
0.00039315223693847656
0.0005249977111816406
0.00039505958557128906
0.0003924369812011719
0.00039577484130859375
0.0005087852478027344
0.0003948211669921875
0.0003948211669921875
0.00039315223693847656
0.0004017353057861328
0.0003981590270996094
0.00051116943359375
0.0003936290740966797
0.00039315223693847656
0.00039267539978027344
0.00043129920959472656
0.0004000663757324219
0.0005044937133789062
0.00039386749267578125
0.0004699230194091797
0.00039386749267578125
0.0003952980041503906
0.00039768218994140625
0.0005071163177490234
0.00040340423583984375
0.0003991127014160156
0.00039649009704589844
0.00039577484130859375
0.00040268898010253906
0.0003952980041503906
0.00039458274841308594
0.0003955364227294922
0.0003941059112548828
0.00039958953857421875
0.00039577484130859375
0.0003962516784667969
0.0006070137023925781
0.00039386749267578125
0.0003933906555175781
0.00039315223693847656
0.0003914833068847656
0.0003936290740966797
0.0003941059112548828
0.0003972053527832031
0.00040340423583984375
0.00039505958557128906
0.000392913818359375
0.0003955364227294922
0.0005133152008056641
0.00039505958557128906
0.0003941059112548828
0.0003952980041503906
0.0003952980041503906
0.00039386749267578125
0.00039458274841308594
0.00039196014404296875
0.0003955364227294922
0.00039386749267578125
0.0003943443298339844
0.00039124488830566406
0.0003943443298339844
0.0004017353057861328
0.0003955364227294922
0.0003948211669921875
0.00039386749267578125
0.0005078315734863281
0.00039386749267578125
0.0003941059112548828
0.00040912628173828125
0.0003936290740966797
0.0003941059112548828
0.0003933906555175781
0.0003936290740966797
0.0005075931549072266
0.0003948211669921875
0.0003943443298339844
0.0003936290740966797
0.00039505958557128906
0.0003941059112548828
0.00039458274841308594
0.0003943443298339844
0.0005085468292236328
0.0003941059112548828
0.00040149688720703125
0.00039267539978027344
0.00039386749267578125
0.0003933906555175781
0.0004208087921142578
0.0003943443298339844
0.0003955364227294922
0.00039196014404296875
0.0003941059112548828
0.00039768218994140625
0.00039386749267578125
0.0003941059112548828
0.0005049705505371094
0.0003921985626220703
0.0003960132598876953
0.00039577484130859375
0.0003991127014160156
0.0003941059112548828
0.0005080699920654297
0.00039458274841308594
0.0003941059112548828
0.00039315223693847656
0.00039505958557128906
0.00039386749267578125
0.0003941059112548828
0.0003941059112548828
0.0005097389221191406
0.0003936290740966797
0.0003948211669921875
0.0005025863647460938
0.000396728515625
0.0005202293395996094
0.00039505958557128906
0.00039577484130859375
0.000415802001953125
0.00039458274841308594
0.0005054473876953125
0.0003943443298339844
0.0005123615264892578
0.0003936290740966797
0.0003952980041503906
0.0003936290740966797
0.0003943443298339844
0.0004673004150390625
0.000392913818359375
0.00039577484130859375
0.0003948211669921875
0.0005125999450683594
0.00039124488830566406
0.0003933906555175781
0.00039458274841308594
0.00039505958557128906
0.0003936290740966797
0.0005064010620117188
0.0003952980041503906
0.0003941059112548828
0.00039386749267578125
0.0004069805145263672
0.0005066394805908203
0.000499725341796875
0.00046539306640625
0.00045871734619140625
0.000457763671875
0.0004525184631347656
0.0004425048828125
0.0004317760467529297
0.00043702125549316406
0.00043392181396484375
0.0005137920379638672
0.00043654441833496094
0.0004353523254394531
0.00043773651123046875
0.0004353523254394531
0.00043392181396484375
0.000438690185546875
0.0004470348358154297
0.00043702125549316406
0.00043892860412597656
0.0004482269287109375
0.0004343986511230469
0.0004341602325439453
0.00043272972106933594
0.00043773651123046875
0.0004322528839111328
0.0004324913024902344
0.00044417381286621094
0.0004341602325439453
0.0005233287811279297
0.0003936290740966797
0.0005490779876708984
0.00038933753967285156
0.0003914833068847656
0.00042176246643066406
0.0003936290740966797
0.00038909912109375
0.00039196014404296875
0.0003883838653564453
0.0003914833068847656
0.00039124488830566406
0.00038909912109375
0.00039076805114746094
0.0003886222839355469
0.00039005279541015625
0.0003905296325683594
0.0003914833068847656
0.00038933753967285156
0.0003895759582519531
0.00039005279541015625
0.0003979206085205078
0.000392913818359375
0.00039315223693847656
0.0003943443298339844
0.0003943443298339844
0.0003933906555175781
0.0003962516784667969
0.00039768218994140625
0.0004189014434814453
0.0004305839538574219
0.0004398822784423828
0.00043320655822753906
0.0004343986511230469
0.0005574226379394531
0.0005142688751220703
0.0005183219909667969
0.0005192756652832031
0.00039577484130859375
0.00045108795166015625
0.0004382133483886719
0.00043463706970214844
0.0004429817199707031
0.0005064010620117188
0.0005180835723876953
0.000514984130859375
0.00052642822265625
0.00038909912109375
0.0004019737243652344
0.0004260540008544922
0.0004363059997558594
0.00043201446533203125
0.000423431396484375
0.00042319297790527344
0.00041556358337402344
0.0004119873046875
0.0004100799560546875
0.0004069805145263672
0.0004017353057861328
0.0004012584686279297
0.000400543212890625
0.0003993511199951172
0.0003952980041503906
0.000396728515625
0.00039577484130859375
0.0005271434783935547
0.0005314350128173828
0.0005199909210205078
0.0003948211669921875
0.0005130767822265625
0.0004222393035888672
0.00041937828063964844
0.00045800209045410156
0.0004553794860839844
0.00045418739318847656
0.0004215240478515625
0.0004203319549560547
0.00041794776916503906
0.0004432201385498047
0.00041937828063964844
0.00041937828063964844
0.0004189014434814453
0.0004184246063232422
0.00043201446533203125
0.00041747093200683594
0.0004436969757080078
0.00044655799865722656
0.0004322528839111328
0.0004296302795410156
0.00038909912109375
0.0003948211669921875
0.00039315223693847656
0.00045180320739746094
0.0004353523254394531
0.0004341602325439453
0.0004329681396484375
0.00044083595275878906
0.0004429817199707031
0.00043129920959472656
0.0005371570587158203
0.0005340576171875
0.00043320655822753906
0.0004315376281738281
0.0004291534423828125
0.0004417896270751953
0.0004334449768066406
0.0004322528839111328
0.0004329681396484375
0.00043511390686035156
0.00043272972106933594
0.0004298686981201172
0.00042939186096191406
0.0004353523254394531
0.0004336833953857422
0.0004353523254394531
0.0004355907440185547
0.00044608116149902344
0.0004336833953857422
0.0004329681396484375
0.00043082237243652344
0.0004436969757080078
0.0004334449768066406
0.0005211830139160156
0.0005183219909667969
0.0006220340728759766
0.00043201446533203125
0.0004355907440185547
0.0004324913024902344
0.0004336833953857422
0.0004298686981201172
0.00040531158447265625
0.0003902912139892578
0.0004551410675048828
0.0004291534423828125
0.0005271434783935547
0.00043582916259765625
0.00043129920959472656
0.0004341602325439453
0.0004515647888183594
0.00043463706970214844
0.00043201446533203125
0.00043392181396484375
0.00043463706970214844
0.00043320655822753906
0.0004284381866455078
0.00042939186096191406
0.00044083595275878906
0.000431060791015625
0.00043392181396484375
0.0005195140838623047
0.0005033016204833984
0.0003943443298339844
0.00042176246643066406
0.00043773651123046875
0.0004506111145019531
0.0005242824554443359
0.0004448890686035156
0.0004222393035888672
0.00046563148498535156
0.00046539306640625
0.0004684925079345703
0.000457763671875
0.00047206878662109375
0.00041747093200683594
0.0004317760467529297
0.0004315376281738281
0.0004341602325439453
0.0005080699920654297
0.0005121231079101562
0.0005195140838623047
0.0004899501800537109
0.0005171298980712891
0.00046753883361816406
0.00047397613525390625
0.0004620552062988281
0.0005242824554443359
0.00043201446533203125
0.00042176246643066406
0.0004200935363769531
0.0004448890686035156
0.00041031837463378906
0.0004787445068359375
0.0005185604095458984
0.00046825408935546875
0.0004642009735107422
0.00041937828063964844
0.0003962516784667969
0.0005137920379638672
0.0004258155822753906
0.000457763671875
0.00042247772216796875
0.00044608116149902344
0.0004315376281738281
0.0006086826324462891
0.0004334449768066406
0.0004971027374267578
0.0004336833953857422
0.0006954669952392578
0.00043773651123046875
0.00044274330139160156
0.0004329681396484375
0.00043511390686035156
0.0005252361297607422
0.0006122589111328125
0.000431060791015625
0.00043320655822753906
0.000431060791015625
0.0004680156707763672
0.00043129920959472656
0.0004334449768066406
0.0005321502685546875
0.0005180835723876953
0.0005245208740234375
0.0004878044128417969
0.0007829666137695312
0.0004334449768066406
0.00044155120849609375
0.0005078315734863281
0.0004401206970214844
0.0005178451538085938
0.0005207061767578125
0.0005178451538085938
0.0004572868347167969
0.0004475116729736328
0.0005156993865966797
0.00044345855712890625
0.0004355907440185547
0.0005257129669189453
0.0004298686981201172
0.0004448890686035156
0.00043654441833496094
0.0004372596740722656
0.00044655799865722656
0.0005128383636474609
0.0005168914794921875
0.0004363059997558594
0.000438690185546875
0.0004391670227050781
0.00043272972106933594
0.0004558563232421875
0.0005154609680175781
0.0005273818969726562
0.000514984130859375
0.0005164146423339844
0.0005121231079101562
0.00043320655822753906
0.00043201446533203125
0.0004329681396484375
0.0005176067352294922
0.0005137920379638672
0.0005259513854980469
0.0005123615264892578
0.0004336833953857422
0.0005238056182861328
