0.07301044464111328
0.06766772270202637
0.06319308280944824
0.06156182289123535
0.06088590621948242
0.060919761657714844
0.060827016830444336
0.060899972915649414
0.06089067459106445
0.060843706130981445
0.06088566780090332
0.06133317947387695
0.06124234199523926
0.06116437911987305
0.06119990348815918
0.06121706962585449
0.061238765716552734
0.06121540069580078
0.06125783920288086
0.06123232841491699
0.06122612953186035
0.06125044822692871
0.06122922897338867
0.061214447021484375
0.06121659278869629
0.061174631118774414
0.061084747314453125
0.0610659122467041
0.06115865707397461
0.06113743782043457
0.06109428405761719
0.06109142303466797
0.06114768981933594
0.06115984916687012
0.061173439025878906
0.06116151809692383
0.06109428405761719
0.06115150451660156
0.06114029884338379
0.06162261962890625
0.06150317192077637
0.06242799758911133
0.06243586540222168
0.06231355667114258
0.06261658668518066
0.06246185302734375
0.06244349479675293
0.0624542236328125
0.061495304107666016
0.06260299682617188
0.06248807907104492
0.06150197982788086
0.06147432327270508
0.06222176551818848
0.06145882606506348
0.06154060363769531
0.06151890754699707
0.061489105224609375
0.061530113220214844
0.061472415924072266
0.06153059005737305
0.061536550521850586
0.061460018157958984
0.06220388412475586
0.061570167541503906
0.06148266792297363
0.06145501136779785
0.06152057647705078
0.0623929500579834
0.06251335144042969
0.06221580505371094
0.06225275993347168
0.06154489517211914
0.06148576736450195
0.061531782150268555
0.06153678894042969
0.06148219108581543
0.06156182289123535
0.06217193603515625
0.06149744987487793
0.06232404708862305
0.06242775917053223
0.06241250038146973
0.06254696846008301
0.06521129608154297
0.06307101249694824
0.06178855895996094
0.06236886978149414
0.061740875244140625
0.06174588203430176
0.061811208724975586
0.06170225143432617
0.06179356575012207
0.061736106872558594
0.0627603530883789
0.06424260139465332
0.0617375373840332
0.061734676361083984
0.06179928779602051
0.06276440620422363
0.061771392822265625
0.06181168556213379
0.06273889541625977
0.061748504638671875
0.062293291091918945
0.0713968276977539
0.062211036682128906
0.06177330017089844
0.06171059608459473
0.0618135929107666
0.06174135208129883
0.06174921989440918
0.061730384826660156
0.061740875244140625
0.06360507011413574
0.06260228157043457
0.06402087211608887
0.06170225143432617
0.0617220401763916
0.06250977516174316
0.0629434585571289
0.06277585029602051
0.06176924705505371
0.06180453300476074
0.061721086502075195
0.06177878379821777
0.06176948547363281
0.06169629096984863
0.06176257133483887
0.06168198585510254
0.06173205375671387
0.06172609329223633
0.06175041198730469
0.061728477478027344
0.06174969673156738
0.061789512634277344
0.06171464920043945
0.06167459487915039
0.06173133850097656
0.06175827980041504
0.06170797348022461
0.0616765022277832
0.06171679496765137
0.06176590919494629
0.06185150146484375
0.06171059608459473
0.061716556549072266
0.061751365661621094
0.06178927421569824
0.06174874305725098
0.061777591705322266
0.0617213249206543
0.06180453300476074
0.06180095672607422
0.06180000305175781
0.061862945556640625
0.061791419982910156
0.06176114082336426
0.06185269355773926
0.06180381774902344
0.06172299385070801
0.06174135208129883
0.06171703338623047
0.06177115440368652
0.06176900863647461
0.06178450584411621
0.06181502342224121
0.061835527420043945
0.06177687644958496
0.06178402900695801
0.0617673397064209
0.061795711517333984
0.06180214881896973
0.061769723892211914
0.06181502342224121
0.06176280975341797
0.061739444732666016
0.0617372989654541
0.061835289001464844
0.06172895431518555
0.06175851821899414
0.06177210807800293
0.061762332916259766
0.06178021430969238
0.061788320541381836
0.06180882453918457
0.06179213523864746
0.06176257133483887
0.061758995056152344
0.06182074546813965
0.061801910400390625
0.061805009841918945
0.06179356575012207
0.06181764602661133
0.06172442436218262
0.06171441078186035
0.06311178207397461
0.06173968315124512
0.061768293380737305
0.06173443794250488
0.06184864044189453
0.061728715896606445
0.06178689002990723
0.0618593692779541
0.061791181564331055
0.06182861328125
0.06174063682556152
0.06178092956542969
0.06261181831359863
0.06180167198181152
0.06267857551574707
0.06285500526428223
0.06210637092590332
0.06260275840759277
0.06308960914611816
0.061821699142456055
0.06183195114135742
0.061757802963256836
0.06181025505065918
0.06182050704956055
0.06188225746154785
0.06266474723815918
0.06174039840698242
0.06210637092590332
0.06196475028991699
0.0620417594909668
0.06195855140686035
0.06231236457824707
0.06199812889099121
0.06195425987243652
0.06352472305297852
0.06195354461669922
0.06189227104187012
0.06198430061340332
0.06195712089538574
0.062024831771850586
0.062896728515625
0.06195187568664551
0.062230825424194336
0.06203293800354004
0.0620269775390625
0.061968088150024414
0.06202840805053711
0.0619964599609375
0.06195998191833496
0.0627751350402832
0.0630655288696289
0.06270170211791992
0.06272363662719727
0.06214118003845215
0.06239724159240723
0.061940908432006836
0.061944007873535156
0.06287622451782227
0.06410551071166992
0.06437516212463379
0.06252646446228027
0.06198859214782715
0.06197643280029297
0.062186241149902344
0.06267714500427246
0.06257915496826172
0.0627439022064209
0.06256675720214844
0.06272077560424805
0.061998844146728516
0.06276798248291016
0.06280255317687988
0.0628206729888916
0.06497764587402344
0.06366729736328125
0.06266236305236816
0.06250762939453125
0.06282496452331543
0.06203031539916992
0.06229567527770996
0.06201910972595215
0.06200671195983887
0.06261086463928223
0.06204843521118164
0.062036991119384766
0.06281757354736328
0.06258606910705566
0.06238079071044922
0.06196737289428711
0.06195497512817383
0.06253480911254883
0.06211590766906738
0.06203317642211914
0.06360435485839844
0.06268048286437988
0.061983585357666016
0.06199193000793457
0.06268668174743652
0.06279230117797852
0.062148094177246094
0.06366181373596191
0.06201577186584473
0.06281089782714844
0.06201910972595215
0.06201601028442383
0.06202840805053711
0.06203031539916992
0.06204533576965332
0.061985015869140625
0.06198477745056152
0.06196117401123047
0.061979055404663086
0.06194734573364258
0.061954498291015625
0.06198930740356445
0.06197547912597656
0.06205177307128906
0.061989545822143555
0.0620114803314209
0.06199765205383301
0.06195807456970215
0.061968326568603516
0.06203913688659668
0.061944007873535156
0.06194901466369629
0.06200742721557617
0.06201481819152832
0.061945199966430664
0.06195807456970215
0.06282806396484375
0.06213974952697754
0.06302738189697266
0.06204485893249512
0.06195378303527832
0.06202507019042969
0.06242227554321289
0.06326055526733398
0.062409162521362305
0.06240200996398926
0.06242108345031738
0.06291842460632324
0.06282162666320801
0.06332707405090332
0.062486886978149414
0.06250953674316406
0.06246376037597656
0.062407732009887695
0.06246495246887207
0.06243276596069336
0.06238889694213867
0.06238889694213867
0.0624086856842041
0.06243538856506348
0.062435150146484375
0.06246185302734375
0.06251692771911621
0.06266951560974121
0.06248068809509277
0.06241106986999512
0.06241893768310547
0.06244230270385742
0.062425851821899414
0.06245160102844238
0.062456607818603516
0.06244826316833496
0.062418460845947266
0.06238818168640137
0.06246495246887207
0.06244993209838867
0.06244301795959473
0.0624849796295166
0.06247591972351074
0.0624537467956543
0.06243610382080078
0.06243896484375
0.06244683265686035
0.06244707107543945
0.062476396560668945
0.062438249588012695
0.062491655349731445
0.06245017051696777
0.06246685981750488
0.06248784065246582
0.06228208541870117
0.0623774528503418
0.06659650802612305
0.06313395500183105
0.06245923042297363
0.06330418586730957
0.06254148483276367
0.06269669532775879
0.06243491172790527
0.062401533126831055
0.06326961517333984
0.06508946418762207
0.06246495246887207
0.062422990798950195
0.06249237060546875
0.062421560287475586
0.06245851516723633
0.06248188018798828
0.062458038330078125
0.06241106986999512
0.062453508377075195
0.0624847412109375
0.06237077713012695
0.062453508377075195
0.06238412857055664
0.06245279312133789
0.06241273880004883
0.06243491172790527
0.0624232292175293
0.06246519088745117
0.062448978424072266
0.062412261962890625
0.06238389015197754
0.06243157386779785
0.06242537498474121
0.0631723403930664
0.07212662696838379
0.062476158142089844
0.06255435943603516
0.06243729591369629
0.06243276596069336
0.062439918518066406
0.062445640563964844
0.06244683265686035
0.062325477600097656
0.06247663497924805
0.06245875358581543
0.06248950958251953
0.0632467269897461
0.06248903274536133
0.06325316429138184
0.06243586540222168
0.06244039535522461
0.06401824951171875
0.06238150596618652
0.06246519088745117
0.062453508377075195
0.06244468688964844
0.06247234344482422
0.06244921684265137
0.06246042251586914
0.06241202354431152
0.062419891357421875
0.062377214431762695
0.06240415573120117
0.06247711181640625
0.06245017051696777
0.06245279312133789
0.06242632865905762
0.062384605407714844
0.06239795684814453
0.06241583824157715
0.06242227554321289
0.06239008903503418
0.062392234802246094
0.06237339973449707
0.06251335144042969
0.06247568130493164
0.06241893768310547
0.06243753433227539
0.06247663497924805
0.06247878074645996
0.06244349479675293
0.06922507286071777
0.06246447563171387
0.062442779541015625
0.06241154670715332
0.062401533126831055
0.062459707260131836
0.06566596031188965
0.06228780746459961
0.06238889694213867
0.06238555908203125
0.06237435340881348
0.062349796295166016
0.062384843826293945
0.062368154525756836
0.06228947639465332
0.062334537506103516
0.06235194206237793
0.062383174896240234
0.062386512756347656
0.06240487098693848
0.06238889694213867
0.06237292289733887
0.06235623359680176
0.062363386154174805
0.06237649917602539
0.06233978271484375
0.06261467933654785
0.06264972686767578
0.06323933601379395
0.06317758560180664
0.06254220008850098
0.06337308883666992
0.0626070499420166
0.06256985664367676
0.062486886978149414
0.06261563301086426
0.0625143051147461
0.06256556510925293
0.0625765323638916
0.06256318092346191
0.06252717971801758
0.06313323974609375
0.06256222724914551
0.06346678733825684
0.06257963180541992
0.0625300407409668
0.0626378059387207
0.06317138671875
0.06334900856018066
0.06315279006958008
0.06253266334533691
0.06255030632019043
0.06259679794311523
0.06254315376281738
0.06432747840881348
0.06334376335144043
0.06424570083618164
0.06318306922912598
0.06346845626831055
0.06430554389953613
0.06343960762023926
0.06260037422180176
0.06252765655517578
0.06258702278137207
0.0625765323638916
0.06253480911254883
0.06324172019958496
0.06259512901306152
0.06260371208190918
0.06254029273986816
0.06253242492675781
0.06254267692565918
0.06252098083496094
0.0625755786895752
0.06407785415649414
0.06542515754699707
0.06263017654418945
0.0625600814819336
0.06253552436828613
0.06315207481384277
0.0630943775177002
0.06306767463684082
0.06315112113952637
0.06340646743774414
0.0633695125579834
0.06498336791992188
0.062493085861206055
0.06255745887756348
0.06257390975952148
0.06258201599121094
0.06354260444641113
0.06438422203063965
0.06256508827209473
0.06259536743164062
0.06253790855407715
0.0626060962677002
0.06255817413330078
0.06256365776062012
0.06260299682617188
0.06258845329284668
0.06257081031799316
0.06255578994750977
0.0625157356262207
0.06261515617370605
0.06258773803710938
0.0625762939453125
0.0625619888305664
0.06256699562072754
0.06260871887207031
0.06258869171142578
0.06265878677368164
0.06251931190490723
0.06255626678466797
0.06253266334533691
0.06258583068847656
0.06258130073547363
0.06257081031799316
0.06268930435180664
0.0634756088256836
0.06266021728515625
0.06255292892456055
0.06262397766113281
0.06261324882507324
0.06259703636169434
0.06259989738464355
0.0626077651977539
0.06256723403930664
0.06253290176391602
0.06257176399230957
0.06255912780761719
0.06267046928405762
0.06342673301696777
0.06257224082946777
0.06288433074951172
0.0650186538696289
0.06345295906066895
0.06434917449951172
0.06334614753723145
0.06330585479736328
0.06347966194152832
0.0645303726196289
0.06257343292236328
0.06255221366882324
0.06481671333312988
0.06566500663757324
0.06261658668518066
0.06325936317443848
0.0630340576171875
0.06335830688476562
0.06332278251647949
0.0625617504119873
0.06328988075256348
0.06324982643127441
0.06517314910888672
0.06261014938354492
0.06674504280090332
0.06253814697265625
0.06263995170593262
0.06258153915405273
0.06347131729125977
0.0633394718170166
0.06332588195800781
0.06342792510986328
0.06333732604980469
0.06340575218200684
0.06495499610900879
0.06261873245239258
0.06348943710327148
0.0631561279296875
0.06341314315795898
0.06310272216796875
0.06320548057556152
0.06258392333984375
0.06256890296936035
0.06260800361633301
0.06257486343383789
0.06284189224243164
0.06250262260437012
0.06267023086547852
0.06249547004699707
0.06258630752563477
0.06264162063598633
0.06256461143493652
0.0625309944152832
0.06766366958618164
0.06258130073547363
0.0632624626159668
0.06287026405334473
0.06256604194641113
0.06253576278686523
0.06308698654174805
0.06255531311035156
0.0625619888305664
0.0625152587890625
0.06257891654968262
0.06252765655517578
0.06258201599121094
0.06254267692565918
0.06262421607971191
0.06258344650268555
0.0625603199005127
0.06261610984802246
0.0625307559967041
0.06253552436828613
0.06256723403930664
0.06261706352233887
0.06255722045898438
0.06258487701416016
0.06261157989501953
0.06257963180541992
0.0626070499420166
0.06260538101196289
0.06260013580322266
0.06255841255187988
0.06252431869506836
0.06270289421081543
0.06281065940856934
0.06255984306335449
0.06255269050598145
0.06256818771362305
0.06265830993652344
0.06257104873657227
0.0625295639038086
0.06258225440979004
0.06261348724365234
0.0625758171081543
0.06260800361633301
0.06275749206542969
0.06258273124694824
0.06260228157043457
0.06253600120544434
0.06278181076049805
0.0625
0.062530517578125
0.0626375675201416
0.0625922679901123
0.06260490417480469
0.06259393692016602
0.06257438659667969
0.06258821487426758
0.06258320808410645
0.06259632110595703
0.06254267692565918
0.06262946128845215
0.06285285949707031
0.06260395050048828
0.06262683868408203
0.06257438659667969
0.06255078315734863
0.06264448165893555
0.06267714500427246
0.0625457763671875
0.06255316734313965
0.06259703636169434
0.06254196166992188
0.06258201599121094
0.06255221366882324
0.06257224082946777
0.06261038780212402
0.06260323524475098
0.0625917911529541
0.06257390975952148
0.06261682510375977
0.06255221366882324
0.0625605583190918
0.06256890296936035
0.0625295639038086
0.0626373291015625
0.06258869171142578
0.06255054473876953
0.06255888938903809
0.06260514259338379
0.06254291534423828
0.06257271766662598
0.0625452995300293
0.06260919570922852
0.06307864189147949
0.06276202201843262
0.06255936622619629
0.06258559226989746
0.06254315376281738
0.06257247924804688
0.06267118453979492
0.06260824203491211
0.06254386901855469
0.06263303756713867
0.0625452995300293
0.06265878677368164
0.06269979476928711
0.06252646446228027
0.06258010864257812
0.06278419494628906
0.06258988380432129
0.06319665908813477
0.06490349769592285
0.06492805480957031
0.06560015678405762
0.06518673896789551
0.06374001502990723
0.06396198272705078
0.06408500671386719
0.06453824043273926
0.06410765647888184
0.06303811073303223
0.06263375282287598
0.06256937980651855
0.06253314018249512
0.06252241134643555
0.06271624565124512
0.06253314018249512
0.0625300407409668
0.06262373924255371
0.06256532669067383
0.06263494491577148
0.06263422966003418
0.06342744827270508
0.06393051147460938
0.06420516967773438
0.06385540962219238
0.06353449821472168
0.0626688003540039
0.06285381317138672
0.06323122978210449
0.06847929954528809
0.06332612037658691
0.06366682052612305
0.06315255165100098
0.06322073936462402
0.06260561943054199
0.06260013580322266
0.0625452995300293
0.0628213882446289
0.06585240364074707
0.06779909133911133
0.0659933090209961
0.06469154357910156
0.06470322608947754
0.06432604789733887
0.0642707347869873
0.0645604133605957
0.06453967094421387
0.06552982330322266
0.06262803077697754
0.06263041496276855
0.0634758472442627
0.06475377082824707
0.0714573860168457
0.07568144798278809
0.07580161094665527
0.07543039321899414
0.0750267505645752
0.07148599624633789
0.06948518753051758
0.0690152645111084
0.06599688529968262
0.06548142433166504
0.0659174919128418
0.0661475658416748
0.06581401824951172
0.06551241874694824
0.06462240219116211
0.06337690353393555
0.06343483924865723
0.06347489356994629
0.06348347663879395
0.06318378448486328
0.06261968612670898
0.0626060962677002
0.06259512901306152
0.06260371208190918
0.06254029273986816
0.06257200241088867
0.06263065338134766
0.06262874603271484
0.06258034706115723
0.06256604194641113
0.0625467300415039
0.0625925064086914
0.0626070499420166
0.0625612735748291
0.0625925064086914
0.06298184394836426
0.06263971328735352
0.06258010864257812
0.06261110305786133
0.06258487701416016
0.06256270408630371
0.06258201599121094
0.06285405158996582
0.06342101097106934
0.06376838684082031
0.06351995468139648
0.06346273422241211
0.06256723403930664
0.06260156631469727
0.06258416175842285
0.06292009353637695
0.06260085105895996
0.0625603199005127
0.06259751319885254
0.06257820129394531
0.0625007152557373
0.06260251998901367
0.06259036064147949
0.06258296966552734
0.06258797645568848
0.06260395050048828
0.06257486343383789
0.06251645088195801
0.06256818771362305
0.06250143051147461
0.06257414817810059
0.06253767013549805
0.0626077651977539
0.06262326240539551
0.06252169609069824
0.0625922679901123
0.06258177757263184
0.06260991096496582
0.06250953674316406
0.0632936954498291
0.06644701957702637
0.0682227611541748
0.06957340240478516
0.06955385208129883
0.06960105895996094
0.06800150871276855
0.06634759902954102
0.06615042686462402
0.06561708450317383
0.06544613838195801
0.06509137153625488
0.06488561630249023
0.06387615203857422
0.06284499168395996
0.0628969669342041
0.06257200241088867
0.06283712387084961
0.06258153915405273
0.06260395050048828
0.06261324882507324
0.06260800361633301
0.06254267692565918
0.0625760555267334
0.06257987022399902
0.06261706352233887
0.06261706352233887
0.06259560585021973
0.06257891654968262
0.0626688003540039
0.06251096725463867
0.06254100799560547
0.06256818771362305
0.06261134147644043
0.06258368492126465
0.06262850761413574
0.06268930435180664
0.0626685619354248
0.06258106231689453
0.06264948844909668
0.06264519691467285
0.06264519691467285
0.06264448165893555
0.06305837631225586
0.06496310234069824
0.06518435478210449
0.06343579292297363
0.06320071220397949
0.06317543983459473
0.06280636787414551
0.06268787384033203
0.06269145011901855
0.06263113021850586
0.06261539459228516
0.06259894371032715
0.06267333030700684
0.06260085105895996
0.06260466575622559
0.06288576126098633
0.06400871276855469
0.06448221206665039
0.0639188289642334
0.06273722648620605
0.06266593933105469
0.06261062622070312
0.06289982795715332
0.06286048889160156
0.06270980834960938
0.06270170211791992
0.06264638900756836
0.06263995170593262
0.0626373291015625
0.06257081031799316
0.06342792510986328
0.06509518623352051
0.06484293937683105
0.06404662132263184
0.06359076499938965
0.06267976760864258
0.06264352798461914
0.06258511543273926
0.06264448165893555
0.06336402893066406
0.06512713432312012
0.06376934051513672
0.06371736526489258
0.06380605697631836
0.06356143951416016
0.06326842308044434
0.06494426727294922
0.0628509521484375
0.06316995620727539
0.06261491775512695
0.0625905990600586
0.06267499923706055
0.06319212913513184
0.0630342960357666
0.06267952919006348
0.06259393692016602
0.0625600814819336
0.0626213550567627
0.0626993179321289
0.06264519691467285
0.06255817413330078
0.06264448165893555
0.06264066696166992
0.06256628036499023
0.06262397766113281
0.06260323524475098
0.0626072883605957
0.06266045570373535
0.06263136863708496
0.06262063980102539
0.06266546249389648
0.06261968612670898
0.06265473365783691
0.06259822845458984
0.06263113021850586
