0.30963659286499023
0.028861284255981445
0.028093814849853516
0.026099205017089844
0.025320053100585938
0.025206804275512695
0.025244951248168945
0.02520132064819336
0.025166749954223633
0.025225400924682617
0.025246143341064453
0.025429725646972656
0.025340795516967773
0.025339603424072266
0.025402069091796875
0.025380373001098633
0.025338172912597656
0.02538299560546875
0.025438547134399414
0.025389432907104492
0.02539801597595215
0.02537822723388672
0.02531909942626953
0.025391340255737305
0.025317907333374023
0.025327682495117188
0.025309324264526367
0.02527451515197754
0.02530837059020996
0.02538323402404785
0.025261878967285156
0.02532029151916504
0.02528095245361328
0.025350093841552734
0.025331735610961914
0.025365352630615234
0.025294780731201172
0.025344371795654297
0.02528977394104004
0.02548956871032715
0.025475502014160156
0.025690793991088867
0.025532960891723633
0.025533676147460938
0.02552652359008789
0.025641918182373047
0.025552988052368164
0.025522232055664062
0.025553226470947266
0.025570392608642578
0.025578975677490234
0.025529861450195312
0.025552034378051758
0.02551865577697754
0.025519371032714844
0.025521039962768555
0.02554178237915039
0.025509119033813477
0.02551889419555664
0.0254819393157959
0.025522470474243164
0.025470733642578125
0.02551555633544922
0.025637149810791016
0.02558445930480957
0.025531530380249023
0.025529861450195312
0.025499820709228516
0.025574445724487305
0.025525569915771484
0.02557992935180664
0.025557518005371094
0.025630950927734375
0.0255277156829834
0.025571823120117188
0.02553391456604004
0.025509357452392578
0.025486469268798828
0.02552175521850586
0.025546550750732422
0.025572538375854492
0.025574922561645508
0.025702714920043945
0.025641679763793945
0.02582240104675293
0.02565169334411621
0.025650501251220703
0.02563762664794922
0.02563953399658203
0.02561330795288086
0.025627613067626953
0.025644540786743164
0.02561163902282715
0.025638818740844727
0.025664806365966797
0.02562689781188965
0.0256960391998291
0.025641441345214844
0.025624513626098633
0.025652170181274414
0.025635719299316406
0.025623798370361328
0.025676727294921875
0.025679349899291992
0.025669336318969727
0.02561211585998535
0.025626182556152344
0.025659799575805664
0.025580406188964844
0.025563478469848633
0.025586366653442383
0.025689125061035156
0.025640487670898438
0.02561783790588379
0.025763273239135742
0.025624990463256836
0.025644302368164062
0.025618791580200195
0.025699615478515625
0.025600194931030273
0.025668859481811523
0.025673866271972656
0.025581836700439453
0.025650739669799805
0.02562880516052246
0.02566981315612793
0.02560877799987793
0.02568221092224121
0.02562689781188965
0.025629520416259766
0.02560567855834961
0.025591135025024414
0.025638580322265625
0.025579214096069336
0.02557826042175293
0.02562713623046875
0.02566218376159668
0.02558755874633789
0.02583003044128418
0.025633573532104492
0.025577306747436523
0.02559065818786621
0.025593280792236328
0.025609493255615234
0.02570176124572754
0.02565622329711914
0.025687217712402344
0.025682926177978516
0.02575087547302246
0.0256350040435791
0.02571582794189453
0.02570486068725586
0.02562880516052246
0.025666475296020508
0.02561354637145996
0.025634765625
0.025694608688354492
0.025652408599853516
0.025675296783447266
0.025630712509155273
0.025702238082885742
0.025652170181274414
0.0256350040435791
0.025680065155029297
0.02567911148071289
0.025644302368164062
0.025664567947387695
0.025618314743041992
0.025652647018432617
0.02571272850036621
0.025617122650146484
0.0257415771484375
0.025640249252319336
0.02571249008178711
0.025649070739746094
0.02570176124572754
0.02576923370361328
0.025710344314575195
0.025775671005249023
0.02566814422607422
0.025674819946289062
0.02564096450805664
0.02564859390258789
0.025688886642456055
0.025665998458862305
0.02564215660095215
0.025615453720092773
0.02566814422607422
0.0256650447845459
0.02564406394958496
0.02564549446105957
0.025668859481811523
0.025645732879638672
0.025704622268676758
0.02567911148071289
0.025701522827148438
0.025803804397583008
0.025714635848999023
0.02573704719543457
0.02565312385559082
0.025623321533203125
0.0256345272064209
0.025675535202026367
0.025662899017333984
0.025640487670898438
0.025689363479614258
0.02562236785888672
0.025707244873046875
0.02572798728942871
0.025766849517822266
0.025727272033691406
0.025780439376831055
0.025717735290527344
0.02582263946533203
0.025758028030395508
0.02567887306213379
0.02565622329711914
0.025679588317871094
0.025650739669799805
0.02562999725341797
0.02562999725341797
0.025763273239135742
0.025681257247924805
0.02577972412109375
0.02578449249267578
0.02582240104675293
0.02579808235168457
0.025801420211791992
0.02573561668395996
0.025758028030395508
0.025818347930908203
0.02581334114074707
0.02570819854736328
0.02575993537902832
0.025719165802001953
0.02576279640197754
0.025949954986572266
0.0257570743560791
0.025975465774536133
0.025766372680664062
0.02569293975830078
0.02578902244567871
0.025714874267578125
0.025759220123291016
0.025918006896972656
0.025874614715576172
0.02587604522705078
0.025786876678466797
0.0257418155670166
0.025823354721069336
0.02578902244567871
0.025728940963745117
0.025774240493774414
0.025887012481689453
0.02581954002380371
0.025802135467529297
0.025795936584472656
0.025775909423828125
0.02576446533203125
0.02580404281616211
0.025759220123291016
0.02575826644897461
0.0258028507232666
0.025838613510131836
0.025883913040161133
0.025816679000854492
0.0258026123046875
0.025804758071899414
0.02576613426208496
0.02578568458557129
0.025837182998657227
0.02576589584350586
0.025795936584472656
0.025784730911254883
0.025739669799804688
0.025718212127685547
0.025685548782348633
0.025771141052246094
0.025733470916748047
0.02580547332763672
0.025736570358276367
0.025800228118896484
0.025768041610717773
0.025801420211791992
0.02577495574951172
0.02576136589050293
0.02591991424560547
0.025700807571411133
0.02583622932434082
0.0258638858795166
0.025810718536376953
0.025818347930908203
0.02575230598449707
0.02581191062927246
0.02579021453857422
0.025842905044555664
0.025719881057739258
0.025743961334228516
0.025951862335205078
0.02579045295715332
0.025730133056640625
0.025706768035888672
0.02576732635498047
0.025801658630371094
0.02574753761291504
0.025768041610717773
0.025792360305786133
0.025765419006347656
0.025856733322143555
0.025731563568115234
0.025717973709106445
0.025835275650024414
0.025725841522216797
0.02577662467956543
0.025800228118896484
0.025725126266479492
0.0257110595703125
0.02578425407409668
0.025716066360473633
0.025730371475219727
0.02577066421508789
0.025763273239135742
0.025808334350585938
0.025756359100341797
0.0257112979888916
0.0257871150970459
0.025801420211791992
0.025840282440185547
0.025748491287231445
0.025699615478515625
0.025782108306884766
0.02603459358215332
0.02595973014831543
0.025879621505737305
0.025880098342895508
0.02592325210571289
0.025951862335205078
0.026030540466308594
0.025935649871826172
0.025913476943969727
0.025840044021606445
0.02589106559753418
0.0258939266204834
0.025905132293701172
0.025945663452148438
0.02592158317565918
0.025966882705688477
0.025892972946166992
0.025924205780029297
0.025905609130859375
0.02588939666748047
0.02596306800842285
0.025960683822631836
0.025873184204101562
0.025950193405151367
0.025888442993164062
0.0259554386138916
0.02586841583251953
0.025943756103515625
0.025892972946166992
0.025926589965820312
0.025948762893676758
0.025903940200805664
0.02588653564453125
0.02588176727294922
0.02593207359313965
0.02593255043029785
0.025951623916625977
0.02588486671447754
0.025983333587646484
0.025915861129760742
0.025926589965820312
0.025953054428100586
0.025898456573486328
0.025935649871826172
0.025963783264160156
0.02592778205871582
0.02588176727294922
0.025847196578979492
0.025882959365844727
0.02593827247619629
0.02597832679748535
0.025972366333007812
0.025864839553833008
0.02590322494506836
0.02595663070678711
0.02588963508605957
0.025887250900268555
0.02592611312866211
0.025952577590942383
0.025982379913330078
0.025951147079467773
0.02590656280517578
0.02587890625
0.02591848373413086
0.025861263275146484
0.025918245315551758
0.02590346336364746
0.02585744857788086
0.025918006896972656
0.025897979736328125
0.025912761688232422
0.025890588760375977
0.02591419219970703
0.025995969772338867
0.02591538429260254
0.025917768478393555
0.0258638858795166
0.02589249610900879
0.025849342346191406
0.0258939266204834
0.02585911750793457
0.025954484939575195
0.025911569595336914
0.02602219581604004
0.025962114334106445
0.025952816009521484
0.026099681854248047
0.025991439819335938
0.025935888290405273
0.025885820388793945
0.025887012481689453
0.025889158248901367
0.02592635154724121
0.025916337966918945
0.025874614715576172
0.02590203285217285
0.025961637496948242
0.02594280242919922
0.02601146697998047
0.02596139907836914
0.025934457778930664
0.02591228485107422
0.025857210159301758
0.025890827178955078
0.025910377502441406
0.025902509689331055
0.02587747573852539
0.02588200569152832
0.025881528854370117
0.025887012481689453
0.025920391082763672
0.025966167449951172
0.02593064308166504
0.02595233917236328
0.025883913040161133
0.025934934616088867
0.025938987731933594
0.02589559555053711
0.0259706974029541
0.02593517303466797
0.02597951889038086
0.025893211364746094
0.025876998901367188
0.02589869499206543
0.025954246520996094
0.025917530059814453
0.025934457778930664
0.02587127685546875
0.025896787643432617
0.025963783264160156
0.025993824005126953
0.02592635154724121
0.02593851089477539
0.02588796615600586
0.025950193405151367
0.025931835174560547
0.025888919830322266
0.025920867919921875
0.025900840759277344
0.02590155601501465
0.02591562271118164
0.025861263275146484
0.025958776473999023
0.02593541145324707
0.025860309600830078
0.02588629722595215
0.025895357131958008
0.02599358558654785
0.025910615921020508
0.025865793228149414
0.025907516479492188
0.02590155601501465
0.025937557220458984
0.02597832679748535
0.025914430618286133
0.02591872215270996
0.025882244110107422
0.02593684196472168
0.02594780921936035
0.02603602409362793
0.02599024772644043
0.025982379913330078
0.02605295181274414
0.02601003646850586
0.025983095169067383
0.026051044464111328
0.02596735954284668
0.02599167823791504
0.026027202606201172
0.02596306800842285
0.025983572006225586
0.02592611312866211
0.026035785675048828
0.025998830795288086
0.026065587997436523
0.026109695434570312
0.026011943817138672
0.0259401798248291
0.026024818420410156
0.025959253311157227
0.026024580001831055
0.025965213775634766
0.026093482971191406
0.02599644660949707
0.025903701782226562
0.02597832679748535
0.02601766586303711
0.02606987953186035
0.02601027488708496
0.02605414390563965
0.02598261833190918
0.026062488555908203
0.02596282958984375
0.02593994140625
0.026006460189819336
0.026011228561401367
0.026033878326416016
0.026036739349365234
0.025943517684936523
0.02592301368713379
0.025995969772338867
0.025974273681640625
0.025960445404052734
0.02599048614501953
0.025969505310058594
0.02601170539855957
0.025963306427001953
0.026192665100097656
0.025983333587646484
0.02595067024230957
0.026027679443359375
0.026064634323120117
0.026087045669555664
0.02600717544555664
0.025998592376708984
0.026118755340576172
0.0261080265045166
0.025963783264160156
0.025960206985473633
0.025925636291503906
0.025966405868530273
0.026057720184326172
0.026028871536254883
0.026006698608398438
0.025952816009521484
0.025982379913330078
0.025939464569091797
0.02591991424560547
0.026013612747192383
0.025949478149414062
0.02600264549255371
0.025931596755981445
0.025937557220458984
0.025951623916625977
0.026047468185424805
0.026059627532958984
0.025953054428100586
0.025965452194213867
0.02596116065979004
0.025977373123168945
0.025965452194213867
0.02595043182373047
0.025969266891479492
0.02599310874938965
0.02590036392211914
0.025997400283813477
0.025938749313354492
0.026001930236816406
0.025983810424804688
0.026117801666259766
0.026026010513305664
0.02596902847290039
0.02597641944885254
0.02601170539855957
0.02592754364013672
0.025920629501342773
0.02597212791442871
0.026004552841186523
0.026005029678344727
0.025947093963623047
0.02593827247619629
0.025980472564697266
0.0260770320892334
0.025960683822631836
0.0261380672454834
0.02605891227722168
0.026079893112182617
0.025984525680541992
0.026061058044433594
0.026004314422607422
0.02596735954284668
0.026015758514404297
0.02595376968383789
0.025919675827026367
0.02603435516357422
0.025967836380004883
0.026035547256469727
0.026050806045532227
0.025968313217163086
0.025985002517700195
0.026030778884887695
0.02604532241821289
0.026099681854248047
0.026014328002929688
0.026090621948242188
0.02597808837890625
0.02606821060180664
0.02597808837890625
0.025963544845581055
0.026023387908935547
0.02600717544555664
0.026038169860839844
0.02600884437561035
0.025980234146118164
0.026044607162475586
0.026108741760253906
0.02603936195373535
0.025981664657592773
0.026073217391967773
0.026059627532958984
0.026030778884887695
0.026066303253173828
0.026108503341674805
0.02598261833190918
0.025956392288208008
0.025998830795288086
0.02598261833190918
0.026003360748291016
0.02593255043029785
0.026049137115478516
0.0259854793548584
0.02590489387512207
0.026004314422607422
0.026034116744995117
0.02603459358215332
0.02597951889038086
0.025973796844482422
0.026098012924194336
0.025928258895874023
0.025958538055419922
0.025920391082763672
0.02600884437561035
0.026023149490356445
0.02600717544555664
0.025947093963623047
0.026029586791992188
0.026149511337280273
0.02599787712097168
0.026003122329711914
0.025969505310058594
0.025969266891479492
0.0260162353515625
0.025981426239013672
0.0259706974029541
0.025931835174560547
0.026009321212768555
0.025980472564697266
0.025977134704589844
0.025951147079467773
0.025974750518798828
0.02604389190673828
0.025988101959228516
0.026003599166870117
0.02592182159423828
0.02592754364013672
0.026157140731811523
0.026579618453979492
0.025953054428100586
0.025953054428100586
0.025988340377807617
0.02596116065979004
0.025972604751586914
0.025927066802978516
0.025967121124267578
0.02599048614501953
0.02592325210571289
0.025950908660888672
0.02594280242919922
0.025982141494750977
0.02604961395263672
0.026036739349365234
0.025950193405151367
0.025963306427001953
0.02599811553955078
0.025951862335205078
0.025957345962524414
0.025999069213867188
0.02596306800842285
0.025944948196411133
0.026015043258666992
0.0260164737701416
0.025975465774536133
0.025943517684936523
0.02599477767944336
0.025951385498046875
0.02599787712097168
0.025952577590942383
0.025944948196411133
0.025954723358154297
0.02595996856689453
0.02603888511657715
0.025984764099121094
0.026023387908935547
0.02604198455810547
0.025930166244506836
0.02591991424560547
0.025978565216064453
0.02597212791442871
0.025959014892578125
0.026053428649902344
0.025946855545043945
0.026003360748291016
0.025954723358154297
0.025980472564697266
0.02598094940185547
0.025908946990966797
0.025921344757080078
0.025989532470703125
0.025902748107910156
0.025931119918823242
0.025969743728637695
0.02601909637451172
0.02596735954284668
0.02598404884338379
0.02593684196472168
0.025994539260864258
0.026100873947143555
0.02592754364013672
0.02598285675048828
0.025960206985473633
0.026018857955932617
0.025938987731933594
0.025942325592041016
0.025980472564697266
0.025950193405151367
0.02600550651550293
0.02590322494506836
0.025956153869628906
0.025994062423706055
0.025979042053222656
0.02597498893737793
0.025964736938476562
0.02593207359313965
0.02598428726196289
0.025983333587646484
0.026502132415771484
0.026961565017700195
0.027223825454711914
0.02703857421875
0.02697277069091797
0.026731491088867188
0.026621341705322266
0.026829957962036133
0.026621103286743164
0.02637028694152832
0.02626490592956543
0.025923967361450195
0.02602386474609375
0.026044607162475586
0.026017189025878906
0.025957584381103516
0.025992155075073242
0.02595233917236328
0.026046037673950195
0.025999784469604492
0.025953292846679688
0.026246070861816406
0.02661442756652832
0.02658224105834961
0.026488780975341797
0.02636098861694336
0.02631402015686035
0.02611541748046875
0.026278018951416016
0.026291370391845703
0.0261383056640625
0.0261075496673584
0.025994062423706055
0.026024818420410156
0.02593398094177246
0.025966405868530273
0.025990724563598633
0.025964736938476562
0.026585102081298828
0.027364015579223633
0.027333974838256836
0.02680659294128418
0.027204036712646484
0.0270535945892334
0.026804685592651367
0.026662588119506836
0.02654719352722168
0.026148557662963867
0.025994539260864258
0.026142597198486328
0.026154518127441406
0.02606964111328125
0.028925418853759766
0.03119969367980957
0.03151965141296387
0.03148508071899414
0.03122544288635254
0.02976369857788086
0.0288851261138916
0.02865910530090332
0.028577804565429688
0.02777719497680664
0.02745985984802246
0.027527332305908203
0.02727055549621582
0.027205228805541992
0.0269930362701416
0.02669072151184082
0.026517152786254883
0.026321887969970703
0.026228666305541992
0.026126623153686523
0.026031494140625
0.02596449851989746
0.0259549617767334
0.025926828384399414
0.02593064308166504
0.026050806045532227
0.025938987731933594
0.025986433029174805
0.02595376968383789
0.025983572006225586
0.026033401489257812
0.02596139907836914
0.025941133499145508
0.025980472564697266
0.025970935821533203
0.026163339614868164
0.026040077209472656
0.025933027267456055
0.02596426010131836
0.025985240936279297
0.025934219360351562
0.026036977767944336
0.026238441467285156
0.026522397994995117
0.02651238441467285
0.026302099227905273
0.026248931884765625
0.02619314193725586
0.02601146697998047
0.025976896286010742
0.026200056076049805
0.02596592903137207
0.025940895080566406
0.02593684196472168
0.025934457778930664
0.025978565216064453
0.02596116065979004
0.025940656661987305
0.025970935821533203
0.02596259117126465
0.025910377502441406
0.025965213775634766
0.0260317325592041
0.025943756103515625
0.0259552001953125
0.025933265686035156
0.026039838790893555
0.025925397872924805
0.026041269302368164
0.02598738670349121
0.025989770889282227
0.02593064308166504
0.02599358558654785
0.025954723358154297
0.02598857879638672
0.027065515518188477
0.02822399139404297
0.02894759178161621
0.028893232345581055
0.02891993522644043
0.02823638916015625
0.02785944938659668
0.02757406234741211
0.02761054039001465
0.02727341651916504
0.027077913284301758
0.0269315242767334
0.026672840118408203
0.02643895149230957
0.026238441467285156
0.026085615158081055
0.025962352752685547
0.025951623916625977
0.025934934616088867
0.026000499725341797
0.02597332000732422
0.026056528091430664
0.025929927825927734
0.025942325592041016
0.02593684196472168
0.025971651077270508
0.025973796844482422
0.026019573211669922
0.02601170539855957
0.02599620819091797
0.025923490524291992
0.025980472564697266
0.02596116065979004
0.025925874710083008
0.02595353126525879
0.026034116744995117
0.026037216186523438
0.025972843170166016
0.02598118782043457
0.026006698608398438
0.025950908660888672
0.02597665786743164
0.02595210075378418
0.026978254318237305
0.02711963653564453
0.026921749114990234
0.026534318923950195
0.02622389793395996
0.02613520622253418
0.026004552841186523
0.025977373123168945
0.026012897491455078
0.02598881721496582
0.02596426010131836
0.026066064834594727
0.026039600372314453
0.026029348373413086
0.026012420654296875
0.02652883529663086
0.02674245834350586
0.026520252227783203
0.02642035484313965
0.025964975357055664
0.02600240707397461
0.026066303253173828
0.02605724334716797
0.0260162353515625
0.02608323097229004
0.026025056838989258
0.025959253311157227
0.02596902847290039
0.02602362632751465
0.026026487350463867
0.0269925594329834
0.0270082950592041
0.026597976684570312
0.026361703872680664
0.02615952491760254
0.025990962982177734
0.025968551635742188
0.026133298873901367
0.02599024772644043
0.026741743087768555
0.0271909236907959
0.026572227478027344
0.02644824981689453
0.02630925178527832
0.025989532470703125
0.026721477508544922
0.027018070220947266
0.026371479034423828
0.026038169860839844
0.02597832679748535
0.026038408279418945
0.026220321655273438
0.02631831169128418
0.026029109954833984
0.025944232940673828
0.02597355842590332
0.02602839469909668
0.0259857177734375
0.026011943817138672
0.026060104370117188
0.026008129119873047
0.02599811553955078
0.02605891227722168
0.026018619537353516
0.025977134704589844
0.02595353126525879
0.026134014129638672
0.0260465145111084
0.025957822799682617
0.025987625122070312
0.025985240936279297
0.025974035263061523
0.025993824005126953
0.026038169860839844
