0.01458287239074707
0.013599157333374023
0.013139009475708008
0.012708663940429688
0.012330293655395508
0.012365341186523438
0.012342691421508789
0.012299537658691406
0.012334346771240234
0.012331247329711914
0.012295246124267578
0.012382745742797852
0.012401342391967773
0.012384414672851562
0.012382030487060547
0.012387752532958984
0.012439489364624023
0.012377500534057617
0.012398242950439453
0.012420892715454102
0.01240396499633789
0.012410879135131836
0.01239466667175293
0.012406110763549805
0.012373924255371094
0.012376546859741211
0.012384176254272461
0.012378454208374023
0.012371540069580078
0.012323141098022461
0.012380838394165039
0.01238870620727539
0.01238560676574707
0.012381553649902344
0.012390851974487305
0.012384176254272461
0.01239013671875
0.012387990951538086
0.012351274490356445
0.012472152709960938
0.012465715408325195
0.012501239776611328
0.012502431869506836
0.012491226196289062
0.012516498565673828
0.01251077651977539
0.012454986572265625
0.012523889541625977
0.012470006942749023
0.012471914291381836
0.012471199035644531
0.012480020523071289
0.012465715408325195
0.01248025894165039
0.012450218200683594
0.012446880340576172
0.012438058853149414
0.012438297271728516
0.012429237365722656
0.01247262954711914
0.012467384338378906
0.012466669082641602
0.012429952621459961
0.012502193450927734
0.012462139129638672
0.012429237365722656
0.012462139129638672
0.012468338012695312
0.012500286102294922
0.012525558471679688
0.01250314712524414
0.012465953826904297
0.012454032897949219
0.012428522109985352
0.012514114379882812
0.012464046478271484
0.012466907501220703
0.012442827224731445
0.012488365173339844
0.012458086013793945
0.012486934661865234
0.01250314712524414
0.012479305267333984
0.012511014938354492
0.012566566467285156
0.01253509521484375
0.012490034103393555
0.012526273727416992
0.012538909912109375
0.012486457824707031
0.012475967407226562
0.01245880126953125
0.012471914291381836
0.012497186660766602
0.012549400329589844
0.012489080429077148
0.012497425079345703
0.01254129409790039
0.012486696243286133
0.012534618377685547
0.012496471405029297
0.012491226196289062
0.012525558471679688
0.012490034103393555
0.012493133544921875
0.012521982192993164
0.012521743774414062
0.012506484985351562
0.012485504150390625
0.012491464614868164
0.012482166290283203
0.012481927871704102
0.012491226196289062
0.012511968612670898
0.012499094009399414
0.012521028518676758
0.012530803680419922
0.012481689453125
0.012472391128540039
0.01252126693725586
0.012547969818115234
0.012518644332885742
0.012483835220336914
0.012503862380981445
0.012583017349243164
0.012506246566772461
0.012505769729614258
0.012454986572265625
0.01251673698425293
0.012526512145996094
0.012481927871704102
0.012512683868408203
0.01247715950012207
0.012508869171142578
0.01247549057006836
0.01249384880065918
0.012492656707763672
0.012478351593017578
0.012487173080444336
0.01250910758972168
0.012471675872802734
0.012492179870605469
0.01247549057006836
0.012480497360229492
0.012506484985351562
0.012514829635620117
0.012499809265136719
0.012491464614868164
0.012530803680419922
0.012512922286987305
0.012481451034545898
0.012508153915405273
0.01253366470336914
0.012491941452026367
0.012515068054199219
0.012500762939453125
0.012522220611572266
0.012516975402832031
0.012500524520874023
0.012528181076049805
0.01249551773071289
0.01253056526184082
0.012488842010498047
0.012472391128540039
0.012501001358032227
0.012503623962402344
0.012511491775512695
0.01246190071105957
0.012499570846557617
0.012505769729614258
0.012470006942749023
0.012489795684814453
0.012500524520874023
0.012505292892456055
0.012478828430175781
0.012511253356933594
0.012491941452026367
0.012514352798461914
0.012498855590820312
0.012501955032348633
0.012472391128540039
0.012488842010498047
0.012504100799560547
0.012491703033447266
0.012483358383178711
0.01246500015258789
0.012505292892456055
0.012487649917602539
0.012474775314331055
0.012462854385375977
0.012489557266235352
0.012508153915405273
0.012520074844360352
0.012463808059692383
0.012484550476074219
0.012494802474975586
0.012548208236694336
0.01249074935913086
0.012495994567871094
0.01252126693725586
0.012504100799560547
0.012509584426879883
0.012526512145996094
0.012497186660766602
0.012511014938354492
0.012486696243286133
0.012492179870605469
0.012515068054199219
0.012545108795166016
0.012541055679321289
0.012560606002807617
0.012505292892456055
0.012499332427978516
0.012563467025756836
0.012494802474975586
0.01248621940612793
0.012485265731811523
0.012488603591918945
0.01253366470336914
0.012496471405029297
0.012501716613769531
0.012518644332885742
0.012474536895751953
0.012517452239990234
0.012510061264038086
0.012587785720825195
0.012558221817016602
0.01258707046508789
0.012514352798461914
0.01257014274597168
0.012526750564575195
0.012577056884765625
0.012543201446533203
0.012540817260742188
0.012508153915405273
0.012545585632324219
0.01257944107055664
0.012515783309936523
0.012545585632324219
0.012524843215942383
0.012522220611572266
0.012496232986450195
0.012531042098999023
0.012528181076049805
0.012903690338134766
0.01260685920715332
0.012549400329589844
0.012540340423583984
0.012589216232299805
0.012587547302246094
0.012581110000610352
0.012527942657470703
0.012523889541625977
0.01260828971862793
0.012592554092407227
0.012556314468383789
0.012577295303344727
0.012560606002807617
0.012562990188598633
0.012525320053100586
0.012583017349243164
0.012558698654174805
0.012549877166748047
0.01256704330444336
0.012531757354736328
0.012536764144897461
0.012582540512084961
0.01258230209350586
0.012601613998413086
0.012567520141601562
0.012596368789672852
0.012581110000610352
0.012544631958007812
0.012572765350341797
0.012537956237792969
0.012577533721923828
0.012571334838867188
0.012562274932861328
0.012579679489135742
0.012562036514282227
0.012540102005004883
0.012515068054199219
0.012528657913208008
0.01253962516784668
0.01260828971862793
0.012528657913208008
0.012589454650878906
0.012521028518676758
0.012555360794067383
0.01258540153503418
0.012556791305541992
0.012567996978759766
0.012521982192993164
0.012560129165649414
0.012559890747070312
0.012574434280395508
0.012556076049804688
0.012516021728515625
0.012578010559082031
0.012537479400634766
0.012554168701171875
0.012507200241088867
0.01254892349243164
0.012543201446533203
0.012556791305541992
0.012549877166748047
0.012495756149291992
0.012492656707763672
0.012578964233398438
0.012537956237792969
0.012527704238891602
0.012516260147094727
0.01253819465637207
0.01256704330444336
0.012552261352539062
0.012532949447631836
0.01258540153503418
0.012549638748168945
0.012557029724121094
0.012538433074951172
0.012556314468383789
0.012517690658569336
0.012490987777709961
0.012564420700073242
0.012553930282592773
0.012585639953613281
0.012588739395141602
0.012578487396240234
0.01253652572631836
0.012539386749267578
0.012536287307739258
0.01266169548034668
0.012618064880371094
0.01267242431640625
0.012581110000610352
0.012581110000610352
0.012627363204956055
0.012634754180908203
0.012653350830078125
0.01263284683227539
0.012653589248657227
0.012629508972167969
0.012618541717529297
0.012613296508789062
0.012594223022460938
0.012600183486938477
0.012601375579833984
0.012627363204956055
0.012637615203857422
0.012632131576538086
0.012603521347045898
0.012573719024658203
0.0126190185546875
0.012628316879272461
0.01263737678527832
0.012630701065063477
0.012612104415893555
0.012622594833374023
0.012562751770019531
0.01260066032409668
0.012601613998413086
0.012590646743774414
0.012619256973266602
0.012585878372192383
0.012620210647583008
0.01257777214050293
0.012622594833374023
0.012611150741577148
0.012610435485839844
0.012635231018066406
0.012593984603881836
0.012618541717529297
0.012602090835571289
0.012612104415893555
0.012624979019165039
0.012633562088012695
0.012601613998413086
0.012623071670532227
0.012654781341552734
0.012599945068359375
0.012643575668334961
0.012644529342651367
0.012622356414794922
0.012623310089111328
0.012613296508789062
0.012639045715332031
0.012614965438842773
0.012591361999511719
0.01259303092956543
0.012606143951416016
0.012609243392944336
0.012618064880371094
0.012642621994018555
0.012606143951416016
0.012635946273803711
0.012615442276000977
0.012610197067260742
0.012577056884765625
0.012604475021362305
0.012624263763427734
0.01260519027709961
0.012619256973266602
0.012652873992919922
0.012617111206054688
0.012612104415893555
0.012577295303344727
0.012588262557983398
0.01256561279296875
0.01264190673828125
0.012617111206054688
0.012630224227905273
0.012600898742675781
0.012616395950317383
0.012615680694580078
0.012642383575439453
0.012638568878173828
0.012614250183105469
0.013117074966430664
0.01263117790222168
0.012599945068359375
0.012619256973266602
0.01262664794921875
0.012621879577636719
0.012600421905517578
0.012621402740478516
0.012616395950317383
0.012617111206054688
0.01264500617980957
0.012601852416992188
0.012653112411499023
0.012626886367797852
0.012653589248657227
0.012655496597290039
0.012596368789672852
0.012610435485839844
0.012631893157958984
0.012628555297851562
0.012621402740478516
0.012628316879272461
0.012625455856323242
0.012609243392944336
0.012588977813720703
0.012589454650878906
0.012617111206054688
0.012625932693481445
0.012608528137207031
0.012579202651977539
0.01262211799621582
0.012594938278198242
0.012599945068359375
0.012603759765625
0.012607574462890625
0.012616395950317383
0.012601375579833984
0.012638092041015625
0.012633085250854492
0.012599468231201172
0.012612581253051758
0.012626171112060547
0.012617349624633789
0.01257634162902832
0.012580156326293945
0.012614011764526367
0.012613058090209961
0.01260066032409668
0.012604713439941406
0.012592792510986328
0.01264333724975586
0.01268458366394043
0.012607812881469727
0.01261138916015625
0.012593984603881836
0.012615203857421875
0.012573480606079102
0.012623071670532227
0.012604475021362305
0.012595891952514648
0.012632608413696289
0.012585878372192383
0.012614965438842773
0.012620210647583008
0.012614965438842773
0.012649059295654297
0.012587308883666992
0.012603044509887695
0.012578487396240234
0.01259160041809082
0.01260995864868164
0.012663841247558594
0.012662649154663086
0.012692689895629883
0.012678861618041992
0.012641668319702148
0.012705564498901367
0.012685060501098633
0.012625932693481445
0.012687444686889648
0.012614965438842773
0.012632608413696289
0.012641668319702148
0.012609004974365234
0.012622833251953125
0.012633085250854492
0.012704849243164062
0.012673377990722656
0.01268911361694336
0.012608528137207031
0.012642383575439453
0.012658357620239258
0.01264047622680664
0.012671947479248047
0.012709856033325195
0.012611150741577148
0.012678146362304688
0.012619256973266602
0.012678861618041992
0.012685298919677734
0.012661218643188477
0.012688636779785156
0.012654304504394531
0.012629270553588867
0.012665510177612305
0.012694120407104492
0.012688636779785156
0.012647151947021484
0.012663602828979492
0.01264500617980957
0.01269221305847168
0.012605428695678711
0.012625455856323242
0.012624025344848633
0.012609243392944336
0.012590408325195312
0.012667179107666016
0.012653112411499023
0.012621879577636719
0.012686729431152344
0.012645959854125977
0.01270437240600586
0.012641668319702148
0.012653112411499023
0.01268768310546875
0.013709783554077148
0.012619733810424805
0.01275324821472168
0.012642145156860352
0.012688159942626953
0.012645244598388672
0.012666463851928711
0.012655973434448242
0.012660741806030273
0.012628793716430664
0.012628316879272461
0.012690067291259766
0.012621879577636719
0.012654304504394531
0.01263737678527832
0.012598276138305664
0.012668848037719727
0.012656211853027344
0.012636423110961914
0.012689352035522461
0.012668848037719727
0.012640953063964844
0.01264500617980957
0.012631416320800781
0.012672662734985352
0.012653350830078125
0.012661218643188477
0.012664556503295898
0.012668609619140625
0.012645483016967773
0.012660980224609375
0.012666463851928711
0.012649297714233398
0.012634038925170898
0.012650012969970703
0.012636184692382812
0.012675285339355469
0.012692928314208984
0.01270747184753418
0.012658834457397461
0.012662410736083984
0.012653827667236328
0.012607097625732422
0.012612342834472656
0.012657642364501953
0.012656927108764648
0.012599706649780273
0.012631654739379883
0.012680530548095703
0.012610673904418945
0.012630701065063477
0.012691736221313477
0.012606143951416016
0.012718677520751953
0.012644052505493164
0.01270604133605957
0.012682437896728516
0.012664794921875
0.012697458267211914
0.012674331665039062
0.012670516967773438
0.012643814086914062
0.01259160041809082
0.012671232223510742
0.012644767761230469
0.01275777816772461
0.012630224227905273
0.012688159942626953
0.012651443481445312
0.012669086456298828
0.012580156326293945
0.012681245803833008
0.012630224227905273
0.012671232223510742
0.012634754180908203
0.012682676315307617
0.012641429901123047
0.012647628784179688
0.012693405151367188
0.01268911361694336
0.01264333724975586
0.012748956680297852
0.012694358825683594
0.012680768966674805
0.0126953125
0.012714147567749023
0.012635231018066406
0.01268625259399414
0.012691974639892578
0.012668848037719727
0.012659549713134766
0.01267385482788086
0.012629508972167969
0.012615680694580078
0.012676477432250977
0.012633085250854492
0.0126495361328125
0.012655258178710938
0.012646913528442383
0.01269221305847168
0.012648344039916992
0.012683868408203125
0.01266026496887207
0.01266789436340332
0.012690067291259766
0.012653350830078125
0.012688636779785156
0.012652158737182617
0.012640953063964844
0.012645483016967773
0.012709379196166992
0.012679338455200195
0.012677907943725586
0.012629270553588867
0.012688636779785156
0.012641668319702148
0.012648344039916992
0.01264643669128418
0.012678146362304688
0.012624263763427734
0.012642383575439453
0.01265859603881836
0.01265406608581543
0.012628793716430664
0.01265716552734375
0.012665987014770508
0.012644529342651367
0.01265406608581543
0.012637138366699219
0.012607097625732422
0.012672662734985352
0.012686014175415039
0.012632369995117188
0.012659311294555664
0.012671232223510742
0.01264190673828125
0.01265859603881836
0.012667417526245117
0.01264190673828125
0.012694597244262695
0.012621402740478516
0.012668371200561523
0.012637853622436523
0.012649059295654297
0.012629032135009766
0.01262664794921875
0.012699365615844727
0.012657642364501953
0.012670040130615234
0.01264643669128418
0.012620925903320312
0.012659311294555664
0.012633800506591797
0.012633562088012695
0.012650012969970703
0.012648344039916992
0.012673616409301758
0.01262211799621582
0.012636184692382812
0.012619256973266602
0.012633323669433594
0.012618780136108398
0.012626409530639648
0.01265096664428711
0.012621402740478516
0.012676715850830078
0.012591361999511719
0.012612104415893555
0.012661933898925781
0.012703895568847656
0.012627363204956055
0.012676000595092773
0.012655496597290039
0.012632131576538086
0.012661457061767578
0.01266622543334961
0.012662410736083984
0.012656688690185547
0.012629270553588867
0.012688875198364258
0.012617349624633789
0.012610197067260742
0.01262974739074707
0.01263570785522461
0.012652158737182617
0.012670755386352539
0.012623071670532227
0.012619733810424805
0.012615680694580078
0.012626171112060547
0.012657642364501953
0.012655019760131836
0.012605905532836914
0.012617349624633789
0.01266026496887207
0.012650489807128906
0.012679815292358398
0.012682676315307617
0.012660503387451172
0.01265263557434082
0.012663125991821289
0.012636184692382812
0.012622833251953125
0.012652873992919922
0.012652397155761719
0.01262354850769043
0.01265716552734375
0.012665271759033203
0.012664318084716797
0.01262664794921875
0.012637615203857422
0.012647151947021484
0.012600898742675781
0.012624263763427734
0.012941360473632812
0.013032674789428711
0.01331019401550293
0.013134002685546875
0.012916803359985352
0.013032913208007812
0.012941598892211914
0.012978553771972656
0.012991666793823242
0.012612104415893555
0.012766838073730469
0.012623071670532227
0.012644052505493164
0.012627840042114258
0.01267242431640625
0.012597322463989258
0.012627124786376953
0.01266789436340332
0.01264333724975586
0.0126800537109375
0.012677669525146484
0.012782096862792969
0.01292729377746582
0.012928962707519531
0.012897968292236328
0.012853860855102539
0.012719154357910156
0.012694835662841797
0.012750864028930664
0.012805461883544922
0.012722253799438477
0.012746095657348633
0.012685537338256836
0.012640237808227539
0.012669801712036133
0.012671470642089844
0.012660980224609375
0.012646198272705078
0.012897968292236328
0.013316631317138672
0.013247013092041016
0.012850522994995117
0.013213872909545898
0.013113260269165039
0.013034582138061523
0.012929439544677734
0.012926816940307617
0.012730121612548828
0.01265096664428711
0.012662887573242188
0.01274728775024414
0.012622833251953125
0.014017820358276367
0.015077590942382812
0.015189409255981445
0.015172243118286133
0.01500391960144043
0.014435768127441406
0.013974905014038086
0.013824462890625
0.013200521469116211
0.013477087020874023
0.013344049453735352
0.013353347778320312
0.01323080062866211
0.013218164443969727
0.013030529022216797
0.012993574142456055
0.012911558151245117
0.012822389602661133
0.012795448303222656
0.012739896774291992
0.012675046920776367
0.012661218643188477
0.012624025344848633
0.01265096664428711
0.012700796127319336
0.012651920318603516
0.012678384780883789
0.01264500617980957
0.012672901153564453
0.012633800506591797
0.012606143951416016
0.012653350830078125
0.012641429901123047
0.012686014175415039
0.012628316879272461
0.012720108032226562
0.0126800537109375
0.012644052505493164
0.012662649154663086
0.012596607208251953
0.012618780136108398
0.012673377990722656
0.012775897979736328
0.012900114059448242
0.012881755828857422
0.012825965881347656
0.012809038162231445
0.012674093246459961
0.012646913528442383
0.012669563293457031
0.012746810913085938
0.01266789436340332
0.012615442276000977
0.012633562088012695
0.012650489807128906
0.012656927108764648
0.01265096664428711
0.012660026550292969
0.012629032135009766
0.012667655944824219
0.01266336441040039
0.012660741806030273
0.012625694274902344
0.012631654739379883
0.012589216232299805
0.012642621994018555
0.01261448860168457
0.012634754180908203
0.012643098831176758
0.01264500617980957
0.01264190673828125
0.012680530548095703
0.012648582458496094
0.012638092041015625
0.012627124786376953
0.013150930404663086
0.013678312301635742
0.013999700546264648
0.01401519775390625
0.01402139663696289
0.013674020767211914
0.013387680053710938
0.013357400894165039
0.01335453987121582
0.01326441764831543
0.013156890869140625
0.013100862503051758
0.012869834899902344
0.012885808944702148
0.012784957885742188
0.012655019760131836
0.012714624404907227
0.012659072875976562
0.012642860412597656
0.012632369995117188
0.012607812881469727
0.012673377990722656
0.012647628784179688
0.012668132781982422
0.012657403945922852
0.012641429901123047
0.012631654739379883
0.012663841247558594
0.012676477432250977
0.012674331665039062
0.012643575668334961
0.012655973434448242
0.01264643669128418
0.012663602828979492
0.012670755386352539
0.012659549713134766
0.01262974739074707
0.012652397155761719
0.01266789436340332
0.012643814086914062
0.012662172317504883
0.012667417526245117
0.012628316879272461
0.013044118881225586
0.01311349868774414
0.01270604133605957
0.012929916381835938
0.012807369232177734
0.012677669525146484
0.01266336441040039
0.01263880729675293
0.012648344039916992
0.01264643669128418
0.012639760971069336
0.012697696685791016
0.012647628784179688
0.01267695426940918
0.012653350830078125
0.012884855270385742
0.012962579727172852
0.01291036605834961
0.012664794921875
0.012618780136108398
0.012663841247558594
0.012717962265014648
0.012686967849731445
0.012686729431152344
0.012643575668334961
0.012652397155761719
0.012639284133911133
0.012640714645385742
0.012636423110961914
0.012639760971069336
0.013075113296508789
0.013084650039672852
0.01294398307800293
0.0128173828125
0.012680530548095703
0.012617826461791992
0.012660503387451172
0.012647151947021484
0.012695550918579102
0.012934207916259766
0.01320028305053711
0.012983322143554688
0.012905597686767578
0.012815713882446289
0.012691497802734375
0.012915611267089844
0.013156890869140625
0.012853860855102539
0.012638568878173828
0.012592315673828125
0.012664079666137695
0.012738227844238281
0.012836933135986328
0.012662410736083984
0.0126495361328125
0.012686729431152344
0.012628555297851562
0.012668609619140625
0.012663602828979492
0.012680768966674805
0.012665510177612305
0.012663841247558594
0.012661457061767578
0.012650251388549805
0.012633323669433594
0.012646913528442383
0.012846708297729492
0.012681245803833008
0.012650489807128906
0.012672662734985352
0.012678384780883789
0.012651681900024414
0.012653827667236328
0.012674331665039062
