0.004000425338745117
0.005110263824462891
0.004012346267700195
0.0039403438568115234
0.00411677360534668
0.0039560794830322266
0.003915071487426758
0.0040247440338134766
0.00408172607421875
0.004046916961669922
0.004042148590087891
0.004048824310302734
0.0040853023529052734
0.004049062728881836
0.004100799560546875
0.004044055938720703
0.004042625427246094
0.004248380661010742
0.004064798355102539
0.004075050354003906
0.003998517990112305
0.004091501235961914
0.0040400028228759766
0.0040171146392822266
0.0040378570556640625
0.0041468143463134766
0.004060268402099609
0.004149436950683594
0.004152536392211914
0.004233121871948242
0.0041429996490478516
0.004106044769287109
0.004145383834838867
0.004180908203125
0.004122018814086914
0.004148960113525391
0.0041942596435546875
0.004090785980224609
0.004160881042480469
0.0041713714599609375
0.0043468475341796875
0.0056989192962646484
0.005738258361816406
0.005803823471069336
0.005755901336669922
0.005753517150878906
0.0057888031005859375
0.005820274353027344
0.004315853118896484
0.005824565887451172
0.00581669807434082
0.004175424575805664
0.0041599273681640625
0.005480289459228516
0.004244089126586914
0.004231452941894531
0.004244089126586914
0.00424957275390625
0.004250049591064453
0.00423884391784668
0.0042760372161865234
0.004247903823852539
0.0042383670806884766
0.005768537521362305
0.004236459732055664
0.0042421817779541016
0.0042896270751953125
0.004246711730957031
0.005740642547607422
0.005786418914794922
0.005527019500732422
0.005496978759765625
0.0042383670806884766
0.004245758056640625
0.004210948944091797
0.0042438507080078125
0.0042421817779541016
0.004256010055541992
0.005598545074462891
0.0042417049407958984
0.005731105804443359
0.005666017532348633
0.005702495574951172
0.0054438114166259766
0.0070950984954833984
0.0061223506927490234
0.004163980484008789
0.005446434020996094
0.005524873733520508
0.004160642623901367
0.004120826721191406
0.0041697025299072266
0.004144906997680664
0.004158735275268555
0.005769491195678711
0.005423069000244141
0.004170417785644531
0.0041806697845458984
0.004101753234863281
0.005779266357421875
0.004763126373291016
0.004853487014770508
0.005733966827392578
0.0045545101165771484
0.005320072174072266
0.005319833755493164
0.005373477935791016
0.004123210906982422
0.004133701324462891
0.0041654109954833984
0.004233121871948242
0.0043125152587890625
0.004228353500366211
0.004289388656616211
0.005673646926879883
0.005720376968383789
0.006547212600708008
0.004232168197631836
0.00422215461730957
0.005494832992553711
0.00521397590637207
0.005725383758544922
0.004150867462158203
0.004375934600830078
0.004322052001953125
0.004240274429321289
0.004252433776855469
0.004240512847900391
0.004247188568115234
0.004242897033691406
0.0042302608489990234
0.004235029220581055
0.004277706146240234
0.004229545593261719
0.004227161407470703
0.0042324066162109375
0.0042269229888916016
0.0042285919189453125
0.0043487548828125
0.0042951107025146484
0.004227161407470703
0.0042362213134765625
0.004223823547363281
0.004226207733154297
0.004242658615112305
0.004242658615112305
0.004242897033691406
0.004231691360473633
0.0042438507080078125
0.004239082336425781
0.004241943359375
0.004243612289428711
0.004231929779052734
0.0042417049407958984
0.004233837127685547
0.004225969314575195
0.004323005676269531
0.004239320755004883
0.004311800003051758
0.004235506057739258
0.004238605499267578
0.00424957275390625
0.004233121871948242
0.004229068756103516
0.0042307376861572266
0.004230976104736328
0.004231929779052734
0.004248380661010742
0.00424957275390625
0.004241943359375
0.00424647331237793
0.004239797592163086
0.004244804382324219
0.00423431396484375
0.0042285919189453125
0.0042209625244140625
0.0042345523834228516
0.004229545593261719
0.004232645034790039
0.0042455196380615234
0.0042345523834228516
0.004239082336425781
0.004220485687255859
0.004225730895996094
0.004240274429321289
0.004231452941894531
0.0042400360107421875
0.0041844844818115234
0.004109382629394531
0.0041408538818359375
0.004110813140869141
0.00422215461730957
0.00411224365234375
0.004109382629394531
0.0042040348052978516
0.0041065216064453125
0.006383180618286133
0.004512786865234375
0.0045087337493896484
0.0045015811920166016
0.004151582717895508
0.0041201114654541016
0.004204511642456055
0.00409698486328125
0.004147529602050781
0.004112958908081055
0.004213094711303711
0.004235267639160156
0.0056459903717041016
0.005812644958496094
0.005745649337768555
0.005742073059082031
0.004149436950683594
0.005675554275512695
0.006109952926635742
0.004131317138671875
0.004178524017333984
0.004221677780151367
0.0041654109954833984
0.0041751861572265625
0.0041217803955078125
0.005688190460205078
0.004515171051025391
0.00452733039855957
0.004522562026977539
0.005222797393798828
0.004124641418457031
0.0055429935455322266
0.004511833190917969
0.0045053958892822266
0.005504608154296875
0.005274057388305664
0.004128456115722656
0.004117012023925781
0.004113197326660156
0.004121065139770508
0.005592823028564453
0.003965616226196289
0.0055217742919921875
0.0038933753967285156
0.003858804702758789
0.003984689712524414
0.003981113433837891
0.004175424575805664
0.004286289215087891
0.005761146545410156
0.005413055419921875
0.005681753158569336
0.005620718002319336
0.005303621292114258
0.005580425262451172
0.004106044769287109
0.004244565963745117
0.005850076675415039
0.005704641342163086
0.006746768951416016
0.005681037902832031
0.0043201446533203125
0.0042574405670166016
0.005595207214355469
0.005528450012207031
0.005538463592529297
0.005482196807861328
0.005493879318237305
0.005438566207885742
0.00513458251953125
0.005801677703857422
0.005988597869873047
0.0057218074798583984
0.005761384963989258
0.005750894546508789
0.0054988861083984375
0.005481719970703125
0.005671024322509766
0.004275798797607422
0.0042493343353271484
0.004160881042480469
0.0041081905364990234
0.005501985549926758
0.004143714904785156
0.0041544437408447266
0.00432276725769043
0.0054738521575927734
0.005525827407836914
0.005541324615478516
0.004212617874145508
0.005738973617553711
0.003957271575927734
0.004172325134277344
0.007933855056762695
0.005637168884277344
0.00416254997253418
0.004178047180175781
0.005414724349975586
0.005565166473388672
0.005425691604614258
0.005479574203491211
0.004698038101196289
0.005780458450317383
0.004134654998779297
0.0041582584381103516
0.004204988479614258
0.004159450531005859
0.004158735275268555
0.0041713714599609375
0.004169464111328125
0.004137754440307617
0.004209280014038086
0.005560159683227539
0.004271268844604492
0.0042476654052734375
0.004262447357177734
0.004273414611816406
0.004258632659912109
0.004247426986694336
0.004267454147338867
0.004289865493774414
0.004286050796508789
0.0042760372161865234
0.004277706146240234
0.004256248474121094
0.0042743682861328125
0.0042645931243896484
0.0042572021484375
0.004259586334228516
0.005675554275512695
0.005506277084350586
0.005743503570556641
0.004341840744018555
0.004120349884033203
0.004092693328857422
0.0043506622314453125
0.005495309829711914
0.004330873489379883
0.0042493343353271484
0.005064487457275391
0.005552053451538086
0.005839109420776367
0.006109952926635742
0.005008220672607422
0.0050165653228759766
0.005045175552368164
0.005017995834350586
0.005007505416870117
0.0050106048583984375
0.0053670406341552734
0.00536799430847168
0.005007266998291016
0.005007505416870117
0.005016326904296875
0.005027055740356445
0.005016326904296875
0.004996299743652344
0.005018949508666992
0.005013465881347656
0.005010843276977539
0.0050199031829833984
0.005021572113037109
0.005014181137084961
0.0050373077392578125
0.005013227462768555
0.00502324104309082
0.005019664764404297
0.005005598068237305
0.005017757415771484
0.005017995834350586
0.005018949508666992
0.005022525787353516
0.004998207092285156
0.005029916763305664
0.005010366439819336
0.005018472671508789
0.0050351619720458984
0.00500941276550293
0.0050122737884521484
0.0050127506256103516
0.005035877227783203
0.005489826202392578
0.005011796951293945
0.004296541213989258
0.005003690719604492
0.008521318435668945
0.0057375431060791016
0.0050411224365234375
0.005749702453613281
0.005488395690917969
0.005011320114135742
0.0050122737884521484
0.004994392395019531
0.005790233612060547
0.005563259124755859
0.005021572113037109
0.0050046443939208984
0.005013227462768555
0.0050318241119384766
0.0049932003021240234
0.005017518997192383
0.004995584487915039
0.0050067901611328125
0.005010366439819336
0.0050127506256103516
0.005011320114135742
0.005011558532714844
0.00502324104309082
0.00501251220703125
0.005007028579711914
0.004994392395019531
0.0050199031829833984
0.004995107650756836
0.005021333694458008
0.005020618438720703
0.00503087043762207
0.00499725341796875
0.0050165653228759766
0.005755186080932617
0.0054399967193603516
0.005013227462768555
0.005146503448486328
0.005014896392822266
0.005006074905395508
0.005069732666015625
0.005041360855102539
0.0050029754638671875
0.005009889602661133
0.00501704216003418
0.005018472671508789
0.005007028579711914
0.005756378173828125
0.0053577423095703125
0.005791664123535156
0.0050051212310791016
0.0049686431884765625
0.0059664249420166016
0.005000591278076172
0.0050051212310791016
0.0050160884857177734
0.005009174346923828
0.005000114440917969
0.005008697509765625
0.004996776580810547
0.00500178337097168
0.005013227462768555
0.005051612854003906
0.004985809326171875
0.0049877166748046875
0.00501704216003418
0.005017518997192383
0.005000591278076172
0.0050182342529296875
0.005016326904296875
0.005022287368774414
0.005023479461669922
0.0049932003021240234
0.00498199462890625
0.005009174346923828
0.005002021789550781
0.005011796951293945
0.005006313323974609
0.005028724670410156
0.0049970149993896484
0.004999876022338867
0.005027055740356445
0.005776882171630859
0.0048999786376953125
0.004975795745849609
0.005022525787353516
0.004858255386352539
0.0048885345458984375
0.006719827651977539
0.004388570785522461
0.004251956939697266
0.0042552947998046875
0.004252195358276367
0.00425410270690918
0.004247188568115234
0.004271030426025391
0.004257678985595703
0.0042858123779296875
0.004263162612915039
0.0042552947998046875
0.0042684078216552734
0.0043659210205078125
0.004269599914550781
0.004267692565917969
0.004282474517822266
0.00426483154296875
0.004274606704711914
0.004304170608520508
0.0042989253997802734
0.0042591094970703125
0.005655765533447266
0.005488157272338867
0.004264116287231445
0.005850553512573242
0.0055119991302490234
0.004251003265380859
0.005654811859130859
0.0042362213134765625
0.0042514801025390625
0.004313468933105469
0.004271030426025391
0.004267215728759766
0.004259347915649414
0.005480527877807617
0.005095481872558594
0.005785942077636719
0.004269838333129883
0.004531383514404297
0.004512310028076172
0.005513191223144531
0.005713462829589844
0.005501508712768555
0.004249095916748047
0.0064182281494140625
0.004296302795410156
0.0042536258697509766
0.005693197250366211
0.0056781768798828125
0.007056236267089844
0.005509376525878906
0.005710601806640625
0.005541086196899414
0.005751848220825195
0.0051724910736083984
0.004538774490356445
0.004523038864135742
0.004529476165771484
0.005633115768432617
0.005456209182739258
0.0041637420654296875
0.0041615962982177734
0.0041980743408203125
0.004176616668701172
0.0041942596435546875
0.004183292388916016
0.004189014434814453
0.0057790279388427734
0.004859447479248047
0.004303455352783203
0.004244804382324219
0.0042536258697509766
0.005530357360839844
0.005791902542114258
0.005488872528076172
0.0054891109466552734
0.005875349044799805
0.0056803226470947266
0.006548404693603516
0.004575967788696289
0.00458216667175293
0.004604339599609375
0.0045664310455322266
0.0058100223541259766
0.007208585739135742
0.004300117492675781
0.0042951107025146484
0.004279136657714844
0.0042574405670166016
0.0042552947998046875
0.004268646240234375
0.004251718521118164
0.004316091537475586
0.004256486892700195
0.004267215728759766
0.004257917404174805
0.004275083541870117
0.00426030158996582
0.004301548004150391
0.0046732425689697266
0.004277467727661133
0.004294157028198242
0.004348278045654297
0.004287004470825195
0.004268169403076172
0.004270315170288086
0.004255056381225586
0.0042629241943359375
0.004275321960449219
0.0042536258697509766
0.005478620529174805
0.005737781524658203
0.004251718521118164
0.004246234893798828
0.004245758056640625
0.004255771636962891
0.004355907440185547
0.00425410270690918
0.004262685775756836
0.004250526428222656
0.0042493343353271484
0.004254341125488281
0.004261493682861328
0.004251241683959961
0.005751371383666992
0.0036864280700683594
0.005627155303955078
0.005627155303955078
0.005724906921386719
0.005405426025390625
0.0068073272705078125
0.005700111389160156
0.005642890930175781
0.006670236587524414
0.0042150020599365234
0.004254341125488281
0.006295442581176758
0.006198883056640625
0.00435328483581543
0.0055694580078125
0.0054798126220703125
0.004225969314575195
0.004377841949462891
0.004228353500366211
0.0056917667388916016
0.005498647689819336
0.005269527435302734
0.00417327880859375
0.0056285858154296875
0.0047149658203125
0.004607439041137695
0.004225254058837891
0.005744218826293945
0.0058367252349853516
0.005724430084228516
0.005692481994628906
0.0060694217681884766
0.005744457244873047
0.005403757095336914
0.00458216667175293
0.005707502365112305
0.00550532341003418
0.00565338134765625
0.005465030670166016
0.0055789947509765625
0.0042760372161865234
0.004240751266479492
0.004236459732055664
0.004248380661010742
0.004233598709106445
0.004217863082885742
0.004330635070800781
0.004264116287231445
0.004258871078491211
0.004279613494873047
0.005516767501831055
0.0043561458587646484
0.005616903305053711
0.004237651824951172
0.005548238754272461
0.004235029220581055
0.004235982894897461
0.004263639450073242
0.00559234619140625
0.005511760711669922
0.005536794662475586
0.004258394241333008
0.004266500473022461
0.004850149154663086
0.004242658615112305
0.004456520080566406
0.004252195358276367
0.004312992095947266
0.004244089126586914
0.004848957061767578
0.004548788070678711
0.004243612289428711
0.0042629241943359375
0.00469970703125
0.004435300827026367
0.004238605499267578
0.0042476654052734375
0.004851341247558594
0.0042302608489990234
0.0042498111724853516
0.004261970520019531
0.0042493343353271484
0.004848003387451172
0.004615306854248047
0.0042417049407958984
0.004273653030395508
0.004869699478149414
0.0042514801025390625
0.004245758056640625
0.0043010711669921875
0.004240989685058594
0.004535675048828125
0.004248857498168945
0.0042378902435302734
0.004732847213745117
0.004245281219482422
0.0042514801025390625
0.0042569637298583984
0.004760026931762695
0.004241228103637695
0.004261493682861328
0.0042226314544677734
0.00438237190246582
0.004246950149536133
0.004246234893798828
0.004248142242431641
0.004826784133911133
0.004229545593261719
0.004238128662109375
0.004311084747314453
0.004817008972167969
0.004240751266479492
0.0042383670806884766
0.004244089126586914
0.004309892654418945
0.00463104248046875
0.004240751266479492
0.004302501678466797
0.004244804382324219
0.0047113895416259766
0.004337787628173828
0.004231452941894531
0.004249095916748047
0.004263639450073242
0.0042307376861572266
0.004235982894897461
0.004242420196533203
0.004264116287231445
0.0043354034423828125
0.004238128662109375
0.004240512847900391
0.0043370723724365234
0.00423741340637207
0.004251956939697266
0.00423884391784668
0.004246950149536133
0.0042493343353271484
0.004235982894897461
0.004426479339599609
0.004240989685058594
0.004241943359375
0.004371166229248047
0.0042498111724853516
0.004853963851928711
0.005484580993652344
0.0042192935943603516
0.004265785217285156
0.00454258918762207
0.004229307174682617
0.004231452941894531
0.004511833190917969
0.004223346710205078
0.00424504280090332
0.004240512847900391
0.004775524139404297
0.0042378902435302734
0.004248142242431641
0.0042569637298583984
0.004874467849731445
0.004225015640258789
0.004240274429321289
0.005557537078857422
0.005381107330322266
0.004259347915649414
0.004260063171386719
0.0042459964752197266
0.0042612552642822266
0.004261970520019531
0.004842996597290039
0.004269123077392578
0.00424957275390625
0.004252910614013672
0.005123615264892578
0.004256486892700195
0.004716396331787109
0.00423884391784668
0.004250526428222656
0.004254579544067383
0.004233360290527344
0.00496363639831543
0.0042247772216796875
0.0042362213134765625
0.004256248474121094
0.004965782165527344
0.004246234893798828
0.004254817962646484
0.004258394241333008
0.005084037780761719
0.004517078399658203
0.004704713821411133
0.0042498111724853516
0.005531787872314453
0.0059812068939208984
0.0057756900787353516
0.00560450553894043
0.00543665885925293
0.004536151885986328
0.005228519439697266
0.004235982894897461
0.004691123962402344
0.005797863006591797
0.006739377975463867
0.006014823913574219
0.004264116287231445
0.0056340694427490234
0.004916667938232422
0.0055086612701416016
0.006962776184082031
0.0058095455169677734
0.005448102951049805
0.004326343536376953
0.005348682403564453
0.005705356597900391
0.004256486892700195
0.0055201053619384766
0.005758523941040039
0.0045511722564697266
0.004338979721069336
0.004495859146118164
0.0042934417724609375
0.004289388656616211
0.004269123077392578
0.0049550533294677734
0.004289150238037109
0.004281044006347656
0.004278421401977539
0.004266262054443359
0.004285335540771484
0.004269123077392578
0.005593299865722656
0.0042645931243896484
0.004248380661010742
0.004240989685058594
0.004238605499267578
0.0042572021484375
0.004235029220581055
0.004243373870849609
0.004236459732055664
0.004914522171020508
0.0042572021484375
0.004235506057739258
0.004231691360473633
0.004259824752807617
0.00425410270690918
0.0050504207611083984
0.0042569637298583984
0.004251956939697266
0.0042972564697265625
0.004571676254272461
0.00423884391784668
0.004240989685058594
0.0042607784271240234
0.004268169403076172
0.004886150360107422
0.004236698150634766
0.004265546798706055
0.0055429935455322266
0.00465703010559082
0.0042476654052734375
0.0042498111724853516
0.004259347915649414
0.0042572021484375
0.004265308380126953
0.004964351654052734
0.004979372024536133
0.004498720169067383
0.004240989685058594
0.0042438507080078125
0.0042574405670166016
0.004248619079589844
0.004255771636962891
0.004411935806274414
0.004942178726196289
0.0042459964752197266
0.004252195358276367
0.004256725311279297
0.0050203800201416016
0.004248619079589844
0.004237174987792969
0.004247188568115234
0.004970550537109375
0.004238605499267578
0.0042552947998046875
0.004246711730957031
0.0048830509185791016
0.0049517154693603516
0.004237651824951172
0.004263401031494141
0.004240512847900391
0.0042572021484375
0.004275083541870117
0.004456520080566406
0.004280567169189453
0.0042726993560791016
0.004955768585205078
0.0042877197265625
0.004575490951538086
0.004273653030395508
0.004266023635864258
0.0044171810150146484
0.004248380661010742
0.00424957275390625
0.005068540573120117
0.004253387451171875
0.004360198974609375
0.0042340755462646484
0.00424504280090332
0.004257678985595703
0.00424957275390625
0.004253387451171875
0.0042417049407958984
0.0042340755462646484
0.00423431396484375
0.004243135452270508
0.004314899444580078
0.004241228103637695
0.00422978401184082
0.0042400360107421875
0.0042476654052734375
0.004312038421630859
0.004315376281738281
0.004241466522216797
0.004236459732055664
0.004240512847900391
0.00432133674621582
0.004293203353881836
0.004239082336425781
0.004244089126586914
0.0043218135833740234
0.004236459732055664
0.004233837127685547
0.004216670989990234
0.004339694976806641
0.004329681396484375
0.004309177398681641
0.0042574405670166016
0.004228353500366211
0.004259824752807617
0.004315376281738281
0.004304647445678711
0.004241466522216797
0.004229068756103516
0.004244565963745117
0.004319429397583008
0.004277706146240234
0.004236936569213867
0.004235744476318359
0.0043468475341796875
0.0043218135833740234
0.004332065582275391
0.004236936569213867
0.0042417049407958984
0.00424647331237793
0.004241228103637695
0.004238128662109375
0.004241466522216797
0.004219532012939453
0.004319667816162109
0.0042514801025390625
0.0042400360107421875
0.004241943359375
0.004240274429321289
0.004248619079589844
0.004263162612915039
0.004249095916748047
0.004256248474121094
0.004243612289428711
0.004320859909057617
0.004224061965942383
0.00423741340637207
0.00423121452331543
0.00426030158996582
0.004258394241333008
0.004239320755004883
0.004251718521118164
0.004240512847900391
0.00423741340637207
0.004259824752807617
0.004243373870849609
0.004319190979003906
0.0043108463287353516
0.004233598709106445
0.004239320755004883
0.004248380661010742
0.0042340755462646484
0.004309415817260742
0.004209756851196289
0.004246711730957031
0.004245281219482422
0.004236936569213867
0.004233121871948242
0.004323244094848633
0.004219770431518555
0.004240751266479492
0.004238128662109375
0.004240751266479492
0.0043182373046875
0.004231691360473633
0.004300832748413086
0.004234790802001953
0.004255533218383789
0.004234790802001953
0.004331827163696289
0.004236936569213867
0.004244327545166016
0.004234790802001953
