0.0034172534942626953
0.005049705505371094
0.00373077392578125
0.00365447998046875
0.003687143325805664
0.0036749839782714844
0.0038089752197265625
0.003859996795654297
0.0037839412689208984
0.003786802291870117
0.003781557083129883
0.003741025924682617
0.0038154125213623047
0.003818511962890625
0.003805398941040039
0.003771543502807617
0.0037682056427001953
0.0040378570556640625
0.0038270950317382812
0.0037772655487060547
0.003810405731201172
0.003818988800048828
0.0038454532623291016
0.003741741180419922
0.0038084983825683594
0.003888845443725586
0.003827810287475586
0.003909587860107422
0.0038895606994628906
0.003911495208740234
0.00397491455078125
0.0038900375366210938
0.0038971900939941406
0.003920078277587891
0.003898143768310547
0.003904581069946289
0.003900766372680664
0.003905773162841797
0.003895998001098633
0.003906965255737305
0.004139900207519531
0.005696535110473633
0.005642414093017578
0.005625247955322266
0.0055963993072509766
0.005697727203369141
0.005675315856933594
0.005582094192504883
0.004065275192260742
0.005647420883178711
0.005705833435058594
0.003905057907104492
0.003908634185791016
0.005341053009033203
0.0039844512939453125
0.003985404968261719
0.0040111541748046875
0.003996372222900391
0.0039980411529541016
0.003987550735473633
0.004006862640380859
0.0039942264556884766
0.0039920806884765625
0.005348682403564453
0.003988981246948242
0.004004001617431641
0.003986835479736328
0.003988504409790039
0.00571441650390625
0.005568027496337891
0.005444765090942383
0.005340099334716797
0.003998756408691406
0.004527091979980469
0.004530668258666992
0.003995180130004883
0.0039975643157958984
0.004004478454589844
0.005387067794799805
0.00399327278137207
0.005519390106201172
0.0055429935455322266
0.005686283111572266
0.0052700042724609375
0.0068206787109375
0.005972146987915039
0.003928422927856445
0.005243778228759766
0.004105806350708008
0.00396418571472168
0.003986835479736328
0.0039865970611572266
0.003994941711425781
0.0040051937103271484
0.00567936897277832
0.00654911994934082
0.00433349609375
0.003873109817504883
0.003841400146484375
0.005678892135620117
0.004564523696899414
0.004660606384277344
0.005636930465698242
0.004304170608520508
0.0055370330810546875
0.0070841312408447266
0.005182027816772461
0.004118442535400391
0.003932952880859375
0.0038604736328125
0.0039865970611572266
0.0040514469146728516
0.0039899349212646484
0.0040378570556640625
0.004504680633544922
0.00550532341003418
0.006979465484619141
0.0039997100830078125
0.0041332244873046875
0.005395412445068359
0.004570484161376953
0.00556182861328125
0.0038917064666748047
0.004065752029418945
0.003971576690673828
0.003996372222900391
0.0039937496185302734
0.004003763198852539
0.003996372222900391
0.003997802734375
0.003994941711425781
0.003994464874267578
0.0040438175201416016
0.00398564338684082
0.003977775573730469
0.0039861202239990234
0.003996610641479492
0.004027128219604492
0.0040624141693115234
0.003990888595581055
0.003979921340942383
0.00398564338684082
0.003981113433837891
0.003982067108154297
0.0039937496185302734
0.0040035247802734375
0.003989696502685547
0.004004955291748047
0.003998994827270508
0.003986358642578125
0.004001617431640625
0.003995656967163086
0.0039825439453125
0.0039882659912109375
0.003983020782470703
0.003976106643676758
0.004073619842529297
0.00399327278137207
0.004038095474243164
0.003984212875366211
0.003990650177001953
0.003989458084106445
0.003998994827270508
0.003983497619628906
0.0040013790130615234
0.003995418548583984
0.003976583480834961
0.003994464874267578
0.0039899349212646484
0.0039958953857421875
0.003990650177001953
0.0039942264556884766
0.003993988037109375
0.003992557525634766
0.003988742828369141
0.00399017333984375
0.003990650177001953
0.003991365432739258
0.0039899349212646484
0.003994941711425781
0.003992795944213867
0.004006385803222656
0.004002809524536133
0.0039806365966796875
0.003989219665527344
0.003989219665527344
0.00399327278137207
0.0039005279541015625
0.003935098648071289
0.0038721561431884766
0.0038559436798095703
0.0038728713989257812
0.003959178924560547
0.0038661956787109375
0.003855466842651367
0.0039958953857421875
0.0062296390533447266
0.0043027400970458984
0.004289150238037109
0.00426936149597168
0.003927707672119141
0.0038573741912841797
0.0038971900939941406
0.003949165344238281
0.0038938522338867188
0.0038564205169677734
0.00410914421081543
0.003998994827270508
0.005566120147705078
0.004894733428955078
0.00554347038269043
0.005518913269042969
0.0039000511169433594
0.0053730010986328125
0.005976676940917969
0.003877878189086914
0.003910541534423828
0.0038640499114990234
0.0040264129638671875
0.003909111022949219
0.0038640499114990234
0.005623817443847656
0.004302978515625
0.004289150238037109
0.004283428192138672
0.004898786544799805
0.003860950469970703
0.005219459533691406
0.004285097122192383
0.0042874813079833984
0.006567478179931641
0.0038771629333496094
0.003869771957397461
0.003856658935546875
0.0038604736328125
0.003871440887451172
0.005435466766357422
0.0036377906799316406
0.005219697952270508
0.003590106964111328
0.003593921661376953
0.003715038299560547
0.0037012100219726562
0.003818988800048828
0.0041081905364990234
0.005563020706176758
0.005171537399291992
0.005649566650390625
0.005459308624267578
0.0049707889556884766
0.005171060562133789
0.003859996795654297
0.0040111541748046875
0.00568079948425293
0.005483150482177734
0.0064966678619384766
0.005385398864746094
0.00405430793762207
0.004551410675048828
0.005390644073486328
0.005397319793701172
0.005409955978393555
0.005407810211181641
0.005516529083251953
0.005507230758666992
0.0043182373046875
0.005483865737915039
0.0055866241455078125
0.0055005550384521484
0.005616903305053711
0.005570173263549805
0.005283832550048828
0.005433559417724609
0.005703449249267578
0.004456043243408203
0.004129886627197266
0.003886699676513672
0.0039119720458984375
0.005402803421020508
0.003894805908203125
0.003953218460083008
0.004064321517944336
0.0053615570068359375
0.005449533462524414
0.004027843475341797
0.003932476043701172
0.005452394485473633
0.0036895275115966797
0.0038831233978271484
0.0066070556640625
0.005402803421020508
0.0038917064666748047
0.0039255619049072266
0.00545048713684082
0.005419492721557617
0.0053865909576416016
0.005400657653808594
0.004012107849121094
0.005531787872314453
0.0038950443267822266
0.0039031505584716797
0.003920078277587891
0.003958940505981445
0.0038797855377197266
0.00391077995300293
0.003916740417480469
0.003938198089599609
0.003990650177001953
0.0047512054443359375
0.00400543212890625
0.003993511199951172
0.004008769989013672
0.004025936126708984
0.004010915756225586
0.003998994827270508
0.004014253616333008
0.00402069091796875
0.00403285026550293
0.004004955291748047
0.00401759147644043
0.004016876220703125
0.004022121429443359
0.004011392593383789
0.004011392593383789
0.004067897796630859
0.005693912506103516
0.0053806304931640625
0.00566864013671875
0.0038928985595703125
0.00414729118347168
0.003853321075439453
0.004068613052368164
0.005335807800292969
0.0048449039459228516
0.004010915756225586
0.004829883575439453
0.005332231521606445
0.0055980682373046875
0.0059854984283447266
0.004850149154663086
0.004817008972167969
0.004832029342651367
0.004831075668334961
0.004829883575439453
0.0048410892486572266
0.004847049713134766
0.004843711853027344
0.004829883575439453
0.004822969436645508
0.004834413528442383
0.004829883575439453
0.004850149154663086
0.004834413528442383
0.004823446273803711
0.0048427581787109375
0.00484776496887207
0.00482177734375
0.004836320877075195
0.004824161529541016
0.004854917526245117
0.004839181900024414
0.004847526550292969
0.004861354827880859
0.004868984222412109
0.0048389434814453125
0.0048465728759765625
0.004828453063964844
0.004862785339355469
0.0048139095306396484
0.004834890365600586
0.004834651947021484
0.004853725433349609
0.004846334457397461
0.004827022552490234
0.0048182010650634766
0.00482940673828125
0.004883527755737305
0.005377292633056641
0.004828453063964844
0.004048585891723633
0.004830360412597656
0.007858991622924805
0.005627155303955078
0.0048296451568603516
0.005717754364013672
0.005385160446166992
0.004843950271606445
0.004839658737182617
0.004812955856323242
0.0055730342864990234
0.0054018497467041016
0.004821062088012695
0.004810333251953125
0.0048198699951171875
0.004818916320800781
0.004888296127319336
0.004819393157958984
0.0048236846923828125
0.004827737808227539
0.004825592041015625
0.0048334598541259766
0.004826784133911133
0.00484776496887207
0.004820823669433594
0.0048236846923828125
0.004820108413696289
0.004812479019165039
0.004838466644287109
0.004810810089111328
0.004822254180908203
0.0048296451568603516
0.004822254180908203
0.004831075668334961
0.0048182010650634766
0.005616426467895508
0.0052835941314697266
0.004825115203857422
0.005007505416870117
0.004821062088012695
0.004843235015869141
0.004876136779785156
0.004826545715332031
0.0048220157623291016
0.004832744598388672
0.0048449039459228516
0.0048449039459228516
0.0048160552978515625
0.005685567855834961
0.004820346832275391
0.005543947219848633
0.0048367977142333984
0.004795551300048828
0.00665736198425293
0.004820108413696289
0.004817008972167969
0.004835844039916992
0.004807710647583008
0.004820585250854492
0.0048291683197021484
0.004805326461791992
0.004816532135009766
0.004815578460693359
0.004832744598388672
0.004808187484741211
0.004815578460693359
0.004845857620239258
0.0048465728759765625
0.004836320877075195
0.0048182010650634766
0.004834413528442383
0.004832029342651367
0.004822254180908203
0.004815816879272461
0.004804849624633789
0.0048065185546875
0.004863739013671875
0.004826545715332031
0.004815816879272461
0.004817485809326172
0.004800558090209961
0.004825115203857422
0.004837751388549805
0.005582094192504883
0.004670381546020508
0.004772663116455078
0.004719257354736328
0.004671812057495117
0.004701852798461914
0.006599903106689453
0.00407099723815918
0.004020214080810547
0.0040018558502197266
0.003997325897216797
0.0040149688720703125
0.004400014877319336
0.004014253616333008
0.0040094852447509766
0.00403594970703125
0.004019737243652344
0.004007101058959961
0.004019975662231445
0.004099130630493164
0.004013776779174805
0.0040128231048583984
0.004244565963745117
0.00414729118347168
0.004021167755126953
0.004018306732177734
0.004014492034912109
0.004004001617431641
0.005515575408935547
0.005343198776245117
0.003995418548583984
0.005706787109375
0.00406646728515625
0.004674196243286133
0.004028797149658203
0.004032135009765625
0.0039904117584228516
0.004012584686279297
0.004008054733276367
0.00400233268737793
0.004015445709228516
0.005376100540161133
0.004015684127807617
0.005678415298461914
0.004004955291748047
0.004001140594482422
0.004060029983520508
0.005402565002441406
0.0056688785552978516
0.0053691864013671875
0.004052400588989258
0.004013538360595703
0.004069805145263672
0.00399327278137207
0.004611015319824219
0.005682706832885742
0.00654149055480957
0.0053691864013671875
0.00554656982421875
0.0055048465728759766
0.005572080612182617
0.004683017730712891
0.004304409027099609
0.004323720932006836
0.004308223724365234
0.004026174545288086
0.0053331851959228516
0.0039005279541015625
0.0039234161376953125
0.003931522369384766
0.0039212703704833984
0.0039196014404296875
0.003918886184692383
0.003918886184692383
0.005519390106201172
0.0063211917877197266
0.004038333892822266
0.004015207290649414
0.004007816314697266
0.0054721832275390625
0.0052835941314697266
0.005259513854980469
0.005304813385009766
0.005623340606689453
0.005614280700683594
0.006377458572387695
0.004343986511230469
0.004326581954956055
0.004325389862060547
0.0043337345123291016
0.005562782287597656
0.0066602230072021484
0.004052639007568359
0.00405430793762207
0.004011392593383789
0.0040073394775390625
0.0039865970611572266
0.004424095153808594
0.0040094852447509766
0.004031181335449219
0.004012346267700195
0.00400853157043457
0.004022359848022461
0.004014492034912109
0.0040132999420166016
0.00402522087097168
0.0040285587310791016
0.004016399383544922
0.0040264129638671875
0.0040247440338134766
0.00402379035949707
0.0040166378021240234
0.0040171146392822266
0.004006147384643555
0.004011392593383789
0.004021644592285156
0.0040051937103271484
0.005364418029785156
0.00556635856628418
0.004007101058959961
0.003998279571533203
0.003991842269897461
0.004001617431640625
0.004113912582397461
0.003995418548583984
0.004003286361694336
0.003991127014160156
0.003999471664428711
0.004052639007568359
0.004001140594482422
0.004026651382446289
0.005606651306152344
0.0034928321838378906
0.005309343338012695
0.005189418792724609
0.005572319030761719
0.0062220096588134766
0.006394147872924805
0.005513668060302734
0.006268739700317383
0.0072023868560791016
0.003882169723510742
0.00400090217590332
0.007079601287841797
0.0067517757415771484
0.003996849060058594
0.005373954772949219
0.0054073333740234375
0.00409388542175293
0.005089521408081055
0.003991603851318359
0.0055387020111083984
0.0053598880767822266
0.006947040557861328
0.0038509368896484375
0.005277156829833984
0.004483938217163086
0.0043756961822509766
0.00398707389831543
0.005560636520385742
0.0055353641510009766
0.005517721176147461
0.006404876708984375
0.00656437873840332
0.005547761917114258
0.005464792251586914
0.004385232925415039
0.005543708801269531
0.0053522586822509766
0.005616664886474609
0.0053026676177978516
0.005430459976196289
0.003984689712524414
0.003985404968261719
0.00400853157043457
0.004015684127807617
0.0043506622314453125
0.003996133804321289
0.004065513610839844
0.00399470329284668
0.0040111541748046875
0.0039708614349365234
0.004030704498291016
0.004090070724487305
0.005489349365234375
0.004009723663330078
0.005482673645019531
0.003997325897216797
0.004000186920166016
0.003998279571533203
0.005315303802490234
0.004576683044433594
0.005118608474731445
0.004534006118774414
0.0043833255767822266
0.004004240036010742
0.006123065948486328
0.004239559173583984
0.00448298454284668
0.004024505615234375
0.003992557525634766
0.003989219665527344
0.004117012023925781
0.004597663879394531
0.003988027572631836
0.0040056705474853516
0.004208087921142578
0.003995180130004883
0.003989458084106445
0.00399017333984375
0.0046100616455078125
0.004595518112182617
0.0039958953857421875
0.003996372222900391
0.004002571105957031
0.00428318977355957
0.003984689712524414
0.00398564338684082
0.003998756408691406
0.004597663879394531
0.00399017333984375
0.0039958953857421875
0.003993034362792969
0.0041697025299072266
0.004467487335205078
0.003986358642578125
0.003977775573730469
0.004685878753662109
0.003983974456787109
0.003979921340942383
0.0040090084075927734
0.004232645034790039
0.003983020782470703
0.00399470329284668
0.0042629241943359375
0.004611015319824219
0.003986358642578125
0.003985404968261719
0.003988981246948242
0.004597902297973633
0.003984928131103516
0.003979682922363281
0.003993988037109375
0.004599094390869141
0.003987789154052734
0.003986358642578125
0.004040241241455078
0.003987789154052734
0.004596710205078125
0.004358768463134766
0.003976345062255859
0.003991365432739258
0.004000186920166016
0.004048824310302734
0.003989458084106445
0.004001617431640625
0.004058837890625
0.004061222076416016
0.004000425338745117
0.0039823055267333984
0.003992557525634766
0.004059314727783203
0.0039997100830078125
0.004004716873168945
0.004065990447998047
0.003987312316894531
0.003981828689575195
0.004079103469848633
0.00399470329284668
0.003985166549682617
0.00397801399230957
0.004512310028076172
0.003999233245849609
0.004077434539794922
0.003994464874267578
0.00399327278137207
0.005423545837402344
0.004191875457763672
0.0040264129638671875
0.003995418548583984
0.004532575607299805
0.003974437713623047
0.003987550735473633
0.004515409469604492
0.003978729248046875
0.003982067108154297
0.0039825439453125
0.004491329193115234
0.004000186920166016
0.0040433406829833984
0.003994464874267578
0.00437164306640625
0.004037380218505859
0.004729270935058594
0.004006385803222656
0.004006147384643555
0.003984689712524414
0.003989696502685547
0.0039844512939453125
0.00399017333984375
0.003992319107055664
0.004727602005004883
0.003980398178100586
0.003990888595581055
0.003988027572631836
0.003986835479736328
0.004056215286254883
0.00473785400390625
0.004129648208618164
0.003980398178100586
0.003977060317993164
0.003982067108154297
0.004724979400634766
0.004000186920166016
0.003996133804321289
0.004903554916381836
0.004710197448730469
0.003983259201049805
0.003984928131103516
0.0039975643157958984
0.003981590270996094
0.00397491455078125
0.004706382751464844
0.004820108413696289
0.005666494369506836
0.005568027496337891
0.005281209945678711
0.005321025848388672
0.005168914794921875
0.004292011260986328
0.003968954086303711
0.003983736038208008
0.005555391311645508
0.005692958831787109
0.004766702651977539
0.003987312316894531
0.005387306213378906
0.003999233245849609
0.006494760513305664
0.0054013729095458984
0.005563020706176758
0.004858732223510742
0.003979921340942383
0.0039980411529541016
0.005540132522583008
0.0039904117584228516
0.0052831172943115234
0.0047037601470947266
0.003981590270996094
0.0039844512939453125
0.004325151443481445
0.0042765140533447266
0.003985881805419922
0.003983974456787109
0.004624366760253906
0.005208730697631836
0.003988981246948242
0.003985166549682617
0.0039784908294677734
0.004001617431640625
0.0039861202239990234
0.003980159759521484
0.0039904117584228516
0.004792213439941406
0.004374027252197266
0.004253387451171875
0.00398707389831543
0.003985404968261719
0.003990650177001953
0.003986358642578125
0.003990650177001953
0.004789829254150391
0.0048024654388427734
0.004667997360229492
0.003995418548583984
0.004003047943115234
0.004010438919067383
0.0048029422760009766
0.00399470329284668
0.00401616096496582
0.004281759262084961
0.0048062801361083984
0.003983259201049805
0.003987550735473633
0.004002094268798828
0.003989458084106445
0.003966808319091797
0.003998517990112305
0.004111289978027344
0.004147529602050781
0.004561424255371094
0.003986358642578125
0.003989696502685547
0.003988981246948242
0.003988981246948242
0.003991365432739258
0.0039882659912109375
0.004286527633666992
0.004674196243286133
0.003989219665527344
0.003990650177001953
0.003984689712524414
0.003985404968261719
0.0039975643157958984
0.0040018558502197266
0.0047147274017333984
0.003971099853515625
0.003989458084106445
0.0040471553802490234
0.004727602005004883
0.0039958953857421875
0.003984212875366211
0.0039713382720947266
0.0047149658203125
0.0039823055267333984
0.003989219665527344
0.003980159759521484
0.004722118377685547
0.003977060317993164
0.003992557525634766
0.0047190189361572266
0.0043315887451171875
0.004012107849121094
0.0039975643157958984
0.003991365432739258
0.004678964614868164
0.003979206085205078
0.0039882659912109375
0.003998279571533203
0.003989219665527344
0.003984689712524414
0.004087924957275391
0.003979206085205078
0.003983736038208008
0.003987550735473633
0.003989696502685547
0.00443267822265625
0.003984689712524414
0.00398707389831543
0.0039823055267333984
0.0039825439453125
0.003986835479736328
0.003987789154052734
0.003985404968261719
0.003979206085205078
0.003976583480834961
0.003976583480834961
0.004079103469848633
0.003981828689575195
0.00397181510925293
0.003975868225097656
0.003988027572631836
0.0039784908294677734
0.004060983657836914
0.0039789676666259766
0.003991127014160156
0.0039825439453125
0.004058837890625
0.00400090217590332
0.003984689712524414
0.003975391387939453
0.004059553146362305
0.0039768218994140625
0.004065513610839844
0.003992795944213867
0.003983259201049805
0.004024982452392578
0.0040628910064697266
0.00406193733215332
0.00398564338684082
0.004010200500488281
0.003981828689575195
0.004062652587890625
0.003976345062255859
0.003976345062255859
0.003983259201049805
0.004059553146362305
0.003973245620727539
0.003993988037109375
0.004055023193359375
0.003990888595581055
0.0039768218994140625
0.004075527191162109
0.0040743350982666016
0.003992557525634766
0.003977060317993164
0.004070281982421875
0.003982067108154297
0.003988742828369141
0.003983020782470703
0.0039823055267333984
0.003983974456787109
0.0039784908294677734
0.003983736038208008
0.004055023193359375
0.004090309143066406
0.003979682922363281
0.0039827823638916016
0.003991127014160156
0.004002571105957031
0.003983497619628906
0.003978252410888672
0.00399017333984375
0.003995656967163086
0.003967761993408203
0.0039937496185302734
0.003977775573730469
0.003976583480834961
0.003970623016357422
0.0040531158447265625
0.0040547847747802734
0.0039823055267333984
0.00398564338684082
0.003984212875366211
0.003983497619628906
0.004061222076416016
0.00396418571472168
0.00397801399230957
0.004065752029418945
0.0039942264556884766
0.003978252410888672
0.003979921340942383
0.003973960876464844
0.003997325897216797
0.004057645797729492
0.003980875015258789
0.0039806365966796875
0.003973245620727539
0.0039844512939453125
0.004064083099365234
0.004138946533203125
0.003976345062255859
0.003980875015258789
0.003985166549682617
0.003978252410888672
0.003986358642578125
0.00397801399230957
0.003979921340942383
